Energy 	, Initial Positions 	, Obstacles Positions 	
"[39, 150, 21, 70, 35]","[342, 249, 335, 450, 481]","[367, 418, 205, 560, 168, 611, 850, 869, 438, 143, 699, 533]"
"[True, 104, 0.0, array([109.32380952, 420.47619048,  58.86666667, 196.22222222,
        98.11111111]), [39, 150, 21, 70, 35], 315]",437
"[True, 29, 0.0, array([ 39., 150.,  21.,  70.,  35.]), [39, 150, 21, 70, 35], 315]",440
0,1,2,3,4
0,1,2,3,4
Energy 	, Initial Positions 	, Obstacles Positions 	
"[131, 120, 125, 171, 102]","[87, 366, 314, 40, 899]","[163, 225, 805, 393, 687, 196, 117, 343, 409, 396, 151, 386]"
"[True, 1126, 0.0, array([178.23266564, 163.26656394, 170.06933744, 232.65485362,
       138.77657935]), [131, 120, 125, 171, 102], 649]",249
"[True, 31, 0.0, array([131., 120., 125., 171., 102.]), [131, 120, 125, 171, 102], 649]",217
0,1,2,3,4
0,1,2,3,4
Energy 	, Initial Positions 	, Obstacles Positions 	
"[58, 29, 129, 12, 104]","[176, 580, 893, 402, 55]","[385, 290, 725, 621, 888, 636, 152, 688, 600, 773, 226, 540, 103, 640, 520]"
"[True, 584, 0.0, array([153.73493976,  76.86746988, 341.92771084,  31.80722892,
       275.6626506 ]), [58, 29, 129, 12, 104], 332]",569
"[True, 3, 0.0, array([ 58.,  29., 129.,  12., 104.]), [58, 29, 129, 12, 104], 332]",597
0,1,2,3,4
0,1,2,3,4
Energy 	, Initial Positions 	, Obstacles Positions 	
"[115, 160, 5, 119, 73]","[160, 407, 34, 335, 842]","[740, 318, 763, 157, 739, 433, 229, 542, 84, 261, 478, 347, 860, 227, 701]"
"[True, 19155, 0.0, array([214.40677966, 298.30508475,   9.3220339 , 221.86440678,
       136.10169492]), [115, 160, 5, 119, 73], 472]",335
"[True, 0, 0.0, array([115., 160.,   5., 119.,  73.]), [115, 160, 5, 119, 73], 472]",327
0,1,2,3,4
0,1,2,3,4
Energy 	, Initial Positions 	, Obstacles Positions 	
"[63, 156, 31, 86, 12]","[342, 249, 335, 450, 481]","[367, 418, 205, 560, 168, 611, 850, 869, 438, 143, 699, 533]"
"[True, 4572, 0.0, array([159.85344828, 395.82758621,  78.65804598, 218.21264368,
        30.44827586]), [63, 156, 31, 86, 12], 348]",437
"[True, 15, 0.0, array([ 63., 156.,  31.,  86.,  12.]), [63, 156, 31, 86, 12], 348]",433
0,1,2,3,4
0,1,2,3,4
Energy 	, Initial Positions 	, Obstacles Positions 	
"[10, 11, 171, 143, 7]","[637, 813, 439, 39, 558]","[108, 196, 83, 429, 125, 473, 771, 157, 602, 269, 309, 746, 273, 640, 856, 764, 319, 505]"
E,R,R,O,R, ,:, ,E,N,E,R,G,Y, ,D,O,E,S, ,N,O,T, ,F,I,T, ,A,S,S,I,G,N,M,E,N,T
E,R,R,O,R, ,:, ,E,N,E,R,G,Y, ,D,O,E,S, ,N,O,T, ,F,I,T, ,A,S,S,I,G,N,M,E,N,T
"[False, 40001, -1, [10, 11, 171, 143, 7], [(21, 7), (27, 3), (14, 19), (1, 9), (18, 18)], [(3, 18), (6, 16), (2, 23), (14, 9), (4, 5), (15, 23), (25, 21), (5, 7), (20, 2), (8, 29), (10, 9), (24, 26), (9, 3), (21, 10), (28, 16), (25, 14), (10, 19), (16, 25)], array([ 25.64327485,  28.20760234, 438.5       , 366.69883041,
        17.9502924 ])]",0
"[True, 0, 0.0, array([ 10.,  11., 171., 143.,   7.]), [10, 11, 171, 143, 7], 342]",179
0,1,2,3,4
Energy 	, Initial Positions 	, Obstacles Positions 	
"[102, 180, 60, 113, 12]","[342, 249, 335, 450, 481]","[367, 418, 205, 560, 168, 611, 850, 869, 438, 143, 699, 533]"
"[True, 2236, 0.0, array([192.8608137 , 340.34261242, 113.44753747, 213.65952891,
        22.68950749]), [102, 180, 60, 113, 12], 467]",428
"[True, 16, 0.0, array([102., 180.,  60., 113.,  12.]), [102, 180, 60, 113, 12], 467]",432
0,1,2,3,4
0,1,2,3,4
Energy 	, Initial Positions 	, Obstacles Positions 	
"[140, 61, 117, 131, 146]","[52, 159, 552, 646, 632]","[503, 414, 269, 642, 25, 21, 29, 559, 33, 524, 167, 662, 243, 14, 594]"
"[True, 3969, 0.0, array([207.05882353,  90.21848739, 173.04201681, 193.74789916,
       215.93277311]), [140, 61, 117, 131, 146], 595]",414
"[True, 5, 0.0, array([140.,  61., 117., 131., 146.]), [140, 61, 117, 131, 146], 595]",414
0,1,2,3,4
0,1,2,3,4
Energy 	, Initial Positions 	, Obstacles Positions 	
"[64, 93, 64, 178, 61]","[696, 699, 810, 130, 500]","[277, 285, 255, 876, 689, 833, 473, 265, 147, 642, 710, 48]"
"[True, 225, 0.0, array([122.85217391, 178.51956522, 122.85217391, 341.6826087 ,
       117.09347826]), [64, 93, 64, 178, 61], 460]",203
"[True, 48, 0.0, array([ 64.,  93.,  64., 178.,  61.]), [64, 93, 64, 178, 61], 460]",223
0,1,2,3,4
0,1,2,3,4
Energy 	, Initial Positions 	, Obstacles Positions 	
"[122, 79, 10, 111, 147]","[812, 872, 522, 71, 649]","[70, 358, 469, 694, 830, 163, 801, 739, 894, 741, 222, 540]"
"[True, 215, 0.0, array([229.69296375, 148.73560768,  18.82729211, 208.98294243,
       276.76119403]), [122, 79, 10, 111, 147], 469]",316
"[True, 54, 0.0, array([122.,  79.,  10., 111., 147.]), [122, 79, 10, 111, 147], 469]",323
0,1,2,3,4
0,1,2,3,4
Energy 	, Initial Positions 	, Obstacles Positions 	
"[169, 30, 52, 166, 80]","[436, 784, 122, 66, 775]","[840, 110, 502, 188, 797, 136, 347, 879, 521]"
"[True, 566, 0.0, array([301.27565392,  53.48088531,  92.70020121, 295.92756539,
       142.61569416]), [169, 30, 52, 166, 80], 497]",554
"[True, 6, 0.0, array([169.,  30.,  52., 166.,  80.]), [169, 30, 52, 166, 80], 497]",579
0,1,2,3,4
0,1,2,3,4
Energy 	, Initial Positions 	, Obstacles Positions 	
"[35, 90, 133, 113, 134]","[727, 271, 514, 441, 186]","[616, 31, 122, 130, 849, 456, 385, 180, 570]"
"[True, 1310, 0.0, array([ 61.40594059, 157.9009901 , 233.34257426, 198.25346535,
       235.0970297 ]), [35, 90, 133, 113, 134], 505]",148
"[True, 31, 0.0, array([ 35.,  90., 133., 113., 134.]), [35, 90, 133, 113, 134], 505]",141
0,1,2,3,4
0,1,2,3,4
Energy 	, Initial Positions 	, Obstacles Positions 	
"[176, 53, 82, 77, 155]","[176, 580, 893, 402, 55]","[385, 290, 725, 621, 888, 636, 152, 688, 600, 773, 226, 540, 103, 640, 520]"
"[True, 89, 0.0, array([285.23020258,  85.893186  , 132.89134438, 124.78821363,
       251.19705341]), [176, 53, 82, 77, 155], 543]",547
"[True, 14, 0.0, array([176.,  53.,  82.,  77., 155.]), [176, 53, 82, 77, 155], 543]",584
0,1,2,3,4
0,1,2,3,4
Energy 	, Initial Positions 	, Obstacles Positions 	
"[132, 134, 105, 155, 13]","[544, 22, 793, 488, 832]","[171, 439, 20, 505, 455, 232, 712, 796, 402, 548, 571, 35]"
"[True, 137, 0.0, array([216.24489796, 219.52133581, 172.01298701, 253.92393321,
        21.29684601]), [132, 134, 105, 155, 13], 539]",288
"[True, 2, 0.0, array([132., 134., 105., 155.,  13.]), [132, 134, 105, 155, 13], 539]",279
0,1,2,3,4
0,1,2,3,4
Energy 	, Initial Positions 	, Obstacles Positions 	
"[127, 67, 108, 111, 175]","[125, 486, 209, 809, 172]","[519, 751, 303, 782, 710, 833, 199, 524, 160, 278, 778, 264, 826, 39, 547, 365, 232, 376]"
"[True, 206, 0.0, array([189.42006803,  99.93027211, 161.08163265, 165.55612245,
       261.01190476]), [127, 67, 108, 111, 175], 588]",449
"[True, 38, 0.0, array([127.,  67., 108., 111., 175.]), [127, 67, 108, 111, 175], 588]",454
0,1,2,3,4
0,1,2,3,4
Energy 	, Initial Positions 	, Obstacles Positions 	
"[49, 98, 145, 177, 100]","[618, 766, 258, 313, 396]","[575, 535, 612, 172, 813, 587, 481, 174, 645, 202, 444, 877, 652, 607, 780]"
"[True, 271, 0.0, array([ 75.78207381, 151.56414763, 224.25307557, 273.74340949,
       154.6572935 ]), [49, 98, 145, 177, 100], 569]",574
"[True, 8, 0.0, array([ 49.,  98., 145., 177., 100.]), [49, 98, 145, 177, 100], 569]",577
0,1,2,3,4
0,1,2,3,4
Energy 	, Initial Positions 	, Obstacles Positions 	
"[27, 117, 174, 135, 32]","[828, 476, 707, 151, 570]","[319, 638, 774, 879, 842, 798, 634, 537, 36, 575, 303, 295, 514, 30, 23]"
"[True, 4297, 0.0, array([ 48.98969072, 212.28865979, 315.71134021, 244.94845361,
        58.06185567]), [27, 117, 174, 135, 32], 485]",542
"[True, 1, 0.0, array([ 27., 117., 174., 135.,  32.]), [27, 117, 174, 135, 32], 485]",566
0,1,2,3,4
0,1,2,3,4
Energy 	, Initial Positions 	, Obstacles Positions 	
"[46, 138, 105, 99, 130]","[630, 43, 716, 97, 181]","[472, 792, 526, 839, 702, 590, 83, 681, 72, 157, 321, 521, 667, 645, 48, 477, 239, 177]"
"[True, 100, 0.0, array([ 77.88030888, 233.64092664, 177.77027027, 167.61196911,
       220.0965251 ]), [46, 138, 105, 99, 130], 518]",560
"[True, 13, 0.0, array([ 46., 138., 105.,  99., 130.]), [46, 138, 105, 99, 130], 518]",549
0,1,2,3,4
0,1,2,3,4
Energy 	, Initial Positions 	, Obstacles Positions 	
"[12, 125, 16, 83, 162]","[766, 572, 60, 0, 52]","[769, 408, 872, 793, 186, 822, 170, 446, 850, 851, 594, 721, 254, 142, 219]"
"[True, 12144, 0.0, array([ 26.53266332, 276.38190955,  35.37688442, 183.51758794,
       358.19095477]), [12, 125, 16, 83, 162], 398]",460
"[True, 24, 0.0, array([ 12., 125.,  16.,  83., 162.]), [12, 125, 16, 83, 162], 398]",458
0,1,2,3,4
0,1,2,3,4
Energy 	, Initial Positions 	, Obstacles Positions 	
"[156, 153, 105, 170, 48]","[829, 580, 852, 239, 672]","[496, 352, 83, 241, 365, 68, 426, 515, 75]"
"[True, 277, 0.0, array([218.69620253, 214.49050633, 147.19936709, 238.32278481,
        67.29113924]), [156, 153, 105, 170, 48], 632]",529
"[True, 14, 0.0, array([156., 153., 105., 170.,  48.]), [156, 153, 105, 170, 48], 632]",536
0,1,2,3,4
0,1,2,3,4
Energy 	, Initial Positions 	, Obstacles Positions 	
"[48, 133, 63, 8, 56]","[544, 22, 793, 488, 832]","[171, 439, 20, 505, 455, 232, 712, 796, 402, 548, 571, 35]"
"[True, 2760, 0.0, array([137.61038961, 381.29545455, 180.61363636,  22.93506494,
       160.54545455]), [48, 133, 63, 8, 56], 308]",297
"[True, 0, 0.0, array([ 48., 133.,  63.,   8.,  56.]), [48, 133, 63, 8, 56], 308]",300
0,1,2,3,4
0,1,2,3,4
Energy 	, Initial Positions 	, Obstacles Positions 	
"[143, 145, 64, 108, 136]","[342, 249, 335, 450, 481]","[367, 418, 205, 560, 168, 611, 850, 869, 438, 143, 699, 533]"
"[True, 194, 0.0, array([211.86073826, 214.8238255 ,  94.81879195, 160.00671141,
       201.48993289]), [143, 145, 64, 108, 136], 596]",436
"[True, 93, 0.0, array([143., 145.,  64., 108., 136.]), [143, 145, 64, 108, 136], 596]",426
0,1,2,3,4
0,1,2,3,4
Energy 	, Initial Positions 	, Obstacles Positions 	
"[93, 152, 95, 122, 73]","[214, 386, 20, 53, 37]","[740, 891, 741, 786, 867, 796, 800, 0, 181, 281, 349, 584, 116, 592, 455]"
"[True, 119, 0.0, array([152.97196262, 250.01869159, 156.26168224, 200.6728972 ,
       120.07476636]), [93, 152, 95, 122, 73], 535]",58
"[True, 9, 0.0, array([ 93., 152.,  95., 122.,  73.]), [93, 152, 95, 122, 73], 535]",29
0,1,2,3,4
0,1,2,3,4
Energy 	, Initial Positions 	, Obstacles Positions 	
"[173, 145, 160, 6, 103]","[445, 815, 714, 230, 853]","[105, 790, 506, 443, 603, 361, 79, 720, 586]"
"[True, 372, 0.0, array([261.120954  , 218.85860307, 241.49914821,   9.05621806,
       155.46507666]), [173, 145, 160, 6, 103], 587]",189
"[True, 11, 0.0, array([173., 145., 160.,   6., 103.]), [173, 145, 160, 6, 103], 587]",189
0,1,2,3,4
0,1,2,3,4
Energy 	, Initial Positions 	, Obstacles Positions 	
"[136, 38, 137, 148, 57]","[21, 834, 598, 801, 817]","[757, 635, 237, 10, 354, 66, 803, 464, 722, 721, 871, 798, 76, 656, 755, 581, 313, 620]"
"[True, 339, 0.0, array([231.14728682,  64.58527132, 232.84689922, 251.54263566,
        96.87790698]), [136, 38, 137, 148, 57], 516]",552
"[True, 3, 0.0, array([136.,  38., 137., 148.,  57.]), [136, 38, 137, 148, 57], 516]",577
0,1,2,3,4
0,1,2,3,4
Energy 	, Initial Positions 	, Obstacles Positions 	
"[114, 19, 128, 98, 150]","[160, 407, 34, 335, 842]","[740, 318, 763, 157, 739, 433, 229, 542, 84, 261, 478, 347, 860, 227, 701]"
"[True, 248, 0.0, array([197.09233792,  32.84872299, 221.29666012, 169.4302554 ,
       259.33202358]), [114, 19, 128, 98, 150], 509]",334
"[True, 30, 0.0, array([114.,  19., 128.,  98., 150.]), [114, 19, 128, 98, 150], 509]",333
0,1,2,3,4
0,1,2,3,4
Energy 	, Initial Positions 	, Obstacles Positions 	
"[146, 56, 134, 110, 129]","[244, 602, 693, 879, 548]","[491, 333, 476, 378, 442, 288, 669, 483, 17, 526, 865, 884, 663, 294, 470]"
"[True, 82, 0.0, array([223.44347826,  85.70434783, 205.07826087, 168.34782609,
       197.42608696]), [146, 56, 134, 110, 129], 575]",446
"[True, 23, 0.0, array([146.,  56., 134., 110., 129.]), [146, 56, 134, 110, 129], 575]",445
0,1,2,3,4
0,1,2,3,4
Energy 	, Initial Positions 	, Obstacles Positions 	
"[96, 111, 93, 5, 142]","[749, 666, 895, 582, 804]","[27, 532, 692, 359, 459, 50, 610, 102, 21, 577, 768, 107, 400, 365, 894]"
"[True, 383, 0.0, array([188.99328859, 218.52348993, 183.08724832,   9.84340045,
       279.55257271]), [96, 111, 93, 5, 142], 447]",184
"[True, 69, 0.0, array([ 96., 111.,  93.,   5., 142.]), [96, 111, 93, 5, 142], 447]",171
0,1,2,3,4
0,1,2,3,4
Energy 	, Initial Positions 	, Obstacles Positions 	
"[143, 164, 161, 89, 122]","[643, 223, 95, 578, 419]","[645, 649, 690, 320, 414, 828, 149, 780, 147, 600, 435, 285, 88, 536, 160]"
"[True, 179, 0.0, array([185.33136966, 212.54786451, 208.65979381, 115.3460972 ,
       158.11487482]), [143, 164, 161, 89, 122], 679]",444
"[True, 32, 0.0, array([143., 164., 161.,  89., 122.]), [143, 164, 161, 89, 122], 679]",446
0,1,2,3,4
0,1,2,3,4
Energy 	, Initial Positions 	, Obstacles Positions 	
"[158, 12, 63, 167, 50]","[15, 881, 231, 828, 398]","[629, 834, 124, 324, 779, 471, 179, 69, 366, 147, 409, 385, 184, 359, 397, 296, 167, 371]"
"[True, 3801, 0.0, array([307.92444444,  23.38666667, 122.78      , 325.46444444,
        97.44444444]), [158, 12, 63, 167, 50], 450]",573
"[True, 4, 0.0, array([158.,  12.,  63., 167.,  50.]), [158, 12, 63, 167, 50], 450]",583
0,1,2,3,4
0,1,2,3,4
Energy 	, Initial Positions 	, Obstacles Positions 	
"[145, 154, 51, 28, 146]","[766, 757, 441, 26, 37]","[419, 890, 287, 370, 123, 794, 32, 6, 463, 40, 798, 283, 196, 244, 692, 893, 501, 98]"
"[True, 1284, 0.0, array([242.68129771, 257.74427481,  85.35687023,  46.86259542,
       244.35496183]), [145, 154, 51, 28, 146], 524]",588
"[True, 0, 0.0, array([145., 154.,  51.,  28., 146.]), [145, 154, 51, 28, 146], 524]",590
0,1,2,3,4
0,1,2,3,4
Energy 	, Initial Positions 	, Obstacles Positions 	
"[70, 13, 177, 23, 26]","[342, 249, 335, 450, 481]","[367, 418, 205, 560, 168, 611, 850, 869, 438, 143, 699, 533]"
"[True, 1530, 0.0, array([200.03236246,  37.14886731, 505.7961165 ,  65.72491909,
        74.29773463]), [70, 13, 177, 23, 26], 309]",430
"[True, 39, 0.0, array([ 70.,  13., 177.,  23.,  26.]), [70, 13, 177, 23, 26], 309]",438
0,1,2,3,4
0,1,2,3,4
Energy 	, Initial Positions 	, Obstacles Positions 	
"[9, 120, 8, 76, 68]","[741, 446, 607, 850, 120]","[672, 322, 641, 439, 187, 242, 729, 553, 523]"
"[True, 359, 0.0, array([ 28.3772242 , 378.36298932,  25.22419929, 239.62989324,
       214.40569395]), [9, 120, 8, 76, 68], 281]",571
"[True, 0, 0.0, array([  9., 120.,   8.,  76.,  68.]), [9, 120, 8, 76, 68], 281]",577
0,1,2,3,4
0,1,2,3,4
Energy 	, Initial Positions 	, Obstacles Positions 	
"[73, 33, 164, 52, 93]","[342, 249, 335, 450, 481]","[367, 418, 205, 560, 168, 611, 850, 869, 438, 143, 699, 533]"
"[True, 77, 0.0, array([155.32289157,  70.21445783, 348.94457831, 110.64096386,
       197.87710843]), [73, 33, 164, 52, 93], 415]",428
"[True, 48, 0.0, array([ 73.,  33., 164.,  52.,  93.]), [73, 33, 164, 52, 93], 415]",413
0,1,2,3,4
0,1,2,3,4
Energy 	, Initial Positions 	, Obstacles Positions 	
"[79, 22, 47, 45, 70]","[812, 872, 522, 71, 649]","[70, 358, 469, 694, 830, 163, 801, 739, 894, 741, 222, 540]"
"[True, 10464, 0.0, array([265.23574144,  73.86311787, 157.79847909, 151.08365019,
       235.01901141]), [79, 22, 47, 45, 70], 263]",305
"[True, 56, 0.0, array([79., 22., 47., 45., 70.]), [79, 22, 47, 45, 70], 263]",297
0,1,2,3,4
0,1,2,3,4
Energy 	, Initial Positions 	, Obstacles Positions 	
"[140, 48, 173, 74, 170]","[183, 257, 598, 400, 320]","[560, 224, 823, 285, 600, 390, 772, 236, 878, 75, 829, 111, 614, 432, 850, 72, 546, 436]"
"[True, 250, 0.0, array([202.94214876,  69.58016529, 250.7785124 , 107.26942149,
       246.42975207]), [140, 48, 173, 74, 170], 605]",311
"[True, 2, 0.0, array([140.,  48., 173.,  74., 170.]), [140, 48, 173, 74, 170], 605]",318
0,1,2,3,4
0,1,2,3,4
Energy 	, Initial Positions 	, Obstacles Positions 	
"[80, 121, 87, 132, 126]","[125, 486, 209, 809, 172]","[519, 751, 303, 782, 710, 833, 199, 524, 160, 278, 778, 264, 826, 39, 547, 365, 232, 376]"
"[True, 235, 0.0, array([128.4981685 , 194.35347985, 139.74175824, 212.02197802,
       202.38461538]), [80, 121, 87, 132, 126], 546]",453
"[True, 26, 0.0, array([ 80., 121.,  87., 132., 126.]), [80, 121, 87, 132, 126], 546]",457
0,1,2,3,4
0,1,2,3,4
Energy 	, Initial Positions 	, Obstacles Positions 	
"[34, 11, 84, 103, 92]","[181, 452, 115, 878, 709]","[398, 626, 898, 329, 340, 23, 280, 245, 166, 667, 262, 53, 768, 483, 400]"
"[True, 374, 0.0, array([ 92.34567901,  29.87654321, 228.14814815, 279.75308642,
       249.87654321]), [34, 11, 84, 103, 92], 324]",195
"[True, 1, 0.0, array([ 34.,  11.,  84., 103.,  92.]), [34, 11, 84, 103, 92], 324]",172
0,1,2,3,4
0,1,2,3,4
Energy 	, Initial Positions 	, Obstacles Positions 	
"[112, 53, 71, 32, 69]","[630, 43, 716, 97, 181]","[472, 792, 526, 839, 702, 590, 83, 681, 72, 157, 321, 521, 667, 645, 48, 477, 239, 177]"
"[True, 356, 0.0, array([291.46587537, 137.92581602, 184.76854599,  83.27596439,
       179.56379822]), [112, 53, 71, 32, 69], 337]",573
"[True, 0, 0.0, array([112.,  53.,  71.,  32.,  69.]), [112, 53, 71, 32, 69], 337]",543
0,1,2,3,4
0,1,2,3,4
Energy 	, Initial Positions 	, Obstacles Positions 	
"[135, 58, 160, 115, 10]","[342, 249, 335, 450, 481]","[367, 418, 205, 560, 168, 611, 850, 869, 438, 143, 699, 533]"
E,R,R,O,R, ,:, ,E,N,E,R,G,Y, ,D,O,E,S, ,N,O,T, ,F,I,T, ,A,S,S,I,G,N,M,E,N,T
E,R,R,O,R, ,:, ,E,N,E,R,G,Y, ,D,O,E,S, ,N,O,T, ,F,I,T, ,A,S,S,I,G,N,M,E,N,T
"[False, 40001, -1, [135, 58, 160, 115, 10], [(11, 12), (8, 9), (11, 5), (15, 0), (16, 1)], [(12, 7), (13, 28), (6, 25), (18, 20), (5, 18), (20, 11), (28, 10), (28, 29), (14, 18), (4, 23), (23, 9), (17, 23)], array([249.38284519, 107.14225941, 295.56485356, 212.43723849,
        18.47280335])]",0
"[True, 12, 0.0, array([135.,  58., 160., 115.,  10.]), [135, 58, 160, 115, 10], 478]",431
0,1,2,3,4
Energy 	, Initial Positions 	, Obstacles Positions 	
"[62, 9, 106, 42, 14]","[831, 620, 495, 729, 349]","[787, 826, 441, 6, 341, 513, 300, 671, 880]"
"[True, 28680, 0.0, array([235.75965665,  34.22317597, 403.07296137, 159.70815451,
        53.2360515 ]), [62, 9, 106, 42, 14], 233]",312
"[True, 0, 0.0, array([ 62.,   9., 106.,  42.,  14.]), [62, 9, 106, 42, 14], 233]",313
0,1,2,3,4
0,1,2,3,4
Energy 	, Initial Positions 	, Obstacles Positions 	
"[46, 119, 134, 178, 114]","[342, 249, 335, 450, 481]","[367, 418, 205, 560, 168, 611, 850, 869, 438, 143, 699, 533]"
"[True, 144, 0.0, array([ 68.72758037, 177.79526227, 200.20642978, 265.94585448,
       170.3248731 ]), [46, 119, 134, 178, 114], 591]",430
"[True, 97, 0.0, array([ 46., 119., 134., 178., 114.]), [46, 119, 134, 178, 114], 591]",430
0,1,2,3,4
0,1,2,3,4
Energy 	, Initial Positions 	, Obstacles Positions 	
"[144, 61, 166, 137, 120]","[529, 229, 154, 354, 732]","[483, 775, 703, 33, 870, 700, 552, 113, 8, 158, 466, 480, 268, 75, 333, 423, 331, 279]"
"[True, 2722, 0.0, array([201.0955414 ,  85.18630573, 231.81847134, 191.32006369,
       167.57961783]), [144, 61, 166, 137, 120], 628]",312
"[True, 6, 0.0, array([144.,  61., 166., 137., 120.]), [144, 61, 166, 137, 120], 628]",312
0,1,2,3,4
0,1,2,3,4
Energy 	, Initial Positions 	, Obstacles Positions 	
"[62, 139, 171, 12, 106]","[727, 271, 514, 441, 186]","[616, 31, 122, 130, 849, 456, 385, 180, 570]"
"[True, 213, 0.0, array([112.10612245, 251.33469388, 309.19591837,  21.69795918,
       191.66530612]), [62, 139, 171, 12, 106], 490]",146
"[True, 20, 0.0, array([ 62., 139., 171.,  12., 106.]), [62, 139, 171, 12, 106], 490]",147
0,1,2,3,4
0,1,2,3,4
Energy 	, Initial Positions 	, Obstacles Positions 	
"[177, 152, 87, 173, 166]","[300, 91, 844, 519, 398]","[582, 751, 494, 603, 515, 15, 677, 188, 492, 712, 653, 130, 612, 507, 156, 32, 846, 89]"
"[True, 58, 0.0, array([205.6013245 , 176.5615894 , 101.05827815, 200.95496689,
       192.82384106]), [177, 152, 87, 173, 166], 755]",594
"[True, 20, 0.0, array([177., 152.,  87., 173., 166.]), [177, 152, 87, 173, 166], 755]",594
0,1,2,3,4
0,1,2,3,4
Energy 	, Initial Positions 	, Obstacles Positions 	
"[114, 20, 81, 37, 59]","[300, 91, 844, 519, 398]","[582, 751, 494, 603, 515, 15, 677, 188, 492, 712, 653, 130, 612, 507, 156, 32, 846, 89]"
"[True, 391, 0.0, array([321.47266881,  56.39871383, 228.414791  , 104.33762058,
       166.37620579]), [114, 20, 81, 37, 59], 311]",570
"[True, 9, 0.0, array([114.,  20.,  81.,  37.,  59.]), [114, 20, 81, 37, 59], 311]",573
0,1,2,3,4
0,1,2,3,4
Energy 	, Initial Positions 	, Obstacles Positions 	
"[17, 83, 23, 24, 84]","[445, 815, 714, 230, 853]","[105, 790, 506, 443, 603, 361, 79, 720, 586]"
"[True, 5265, 0.0, array([ 65.2034632 , 318.34632035,  88.21645022,  92.05194805,
       322.18181818]), [17, 83, 23, 24, 84], 231]",163
"[True, 0, 0.0, array([17., 83., 23., 24., 84.]), [17, 83, 23, 24, 84], 231]",163
0,1,2,3,4
0,1,2,3,4
Energy 	, Initial Positions 	, Obstacles Positions 	
"[81, 45, 111, 149, 69]","[342, 249, 335, 450, 481]","[367, 418, 205, 560, 168, 611, 850, 869, 438, 143, 699, 533]"
"[True, 226, 0.0, array([157.19340659,  87.32967033, 215.41318681, 289.15824176,
       133.90549451]), [81, 45, 111, 149, 69], 455]",430
"[True, 122, 0.0, array([ 81.,  45., 111., 149.,  69.]), [81, 45, 111, 149, 69], 455]",427
0,1,2,3,4
0,1,2,3,4
Energy 	, Initial Positions 	, Obstacles Positions 	
"[38, 7, 148, 14, 156]","[519, 209, 350, 260, 45]","[713, 576, 356, 378, 39, 673, 419, 248, 694, 22, 541, 450, 79, 337, 775, 550, 190, 6]"
"[True, 2726, 0.0, array([ 91.80716253,  16.91184573, 357.56473829,  33.82369146,
       376.89256198]), [38, 7, 148, 14, 156], 363]",543
"[True, 1, 0.0, array([ 38.,   7., 148.,  14., 156.]), [38, 7, 148, 14, 156], 363]",574
0,1,2,3,4
0,1,2,3,4
Energy 	, Initial Positions 	, Obstacles Positions 	
"[60, 150, 122, 48, 164]","[630, 43, 716, 97, 181]","[472, 792, 526, 839, 702, 590, 83, 681, 72, 157, 321, 521, 667, 645, 48, 477, 239, 177]"
"[True, 381, 0.0, array([ 96.72794118, 241.81985294, 196.68014706,  77.38235294,
       264.38970588]), [60, 150, 122, 48, 164], 544]",560
"[True, 11, 0.0, array([ 60., 150., 122.,  48., 164.]), [60, 150, 122, 48, 164], 544]",544
0,1,2,3,4
0,1,2,3,4
Energy 	, Initial Positions 	, Obstacles Positions 	
"[135, 14, 101, 56, 93]","[21, 834, 598, 801, 817]","[757, 635, 237, 10, 354, 66, 803, 464, 722, 721, 871, 798, 76, 656, 755, 581, 313, 620]"
"[True, 331, 0.0, array([296.72932331,  30.77192982, 221.99749373, 123.0877193 ,
       204.41353383]), [135, 14, 101, 56, 93], 399]",563
"[True, 0, 0.0, array([135.,  14., 101.,  56.,  93.]), [135, 14, 101, 56, 93], 399]",570
0,1,2,3,4
0,1,2,3,4
Energy 	, Initial Positions 	, Obstacles Positions 	
"[30, 57, 151, 177, 115]","[342, 249, 335, 450, 481]","[367, 418, 205, 560, 168, 611, 850, 869, 438, 143, 699, 533]"
"[True, 333, 0.0, array([ 49.98113208,  94.96415094, 251.57169811, 294.88867925,
       191.59433962]), [30, 57, 151, 177, 115], 530]",428
"[True, 136, 0.0, array([ 30.,  57., 151., 177., 115.]), [30, 57, 151, 177, 115], 530]",412
0,1,2,3,4
0,1,2,3,4
Energy 	, Initial Positions 	, Obstacles Positions 	
"[156, 54, 131, 31, 175]","[111, 90, 153, 329, 843]","[784, 495, 736, 445, 408, 228, 425, 760, 379, 85, 222, 814, 163, 674, 423, 189, 172, 191]"
"[True, 1494, 0.0, array([250.11334552,  86.57769653, 210.03107861,  49.70201097,
       280.57586837]), [156, 54, 131, 31, 175], 547]",348
"[True, 98, 0.0, array([156.,  54., 131.,  31., 175.]), [156, 54, 131, 31, 175], 547]",361
0,1,2,3,4
0,1,2,3,4
Energy 	, Initial Positions 	, Obstacles Positions 	
"[104, 80, 134, 132, 9]","[390, 306, 727, 373, 11]","[653, 674, 551, 406, 39, 178, 30, 519, 76, 599, 628, 841, 144, 267, 391, 451, 400, 55]"
"[True, 1516, 0.0, array([198.71023965, 152.8540305 , 256.03050109, 252.20915033,
        17.19607843]), [104, 80, 134, 132, 9], 459]",141
"[True, 28, 0.0, array([104.,  80., 134., 132.,   9.]), [104, 80, 134, 132, 9], 459]",145
0,1,2,3,4
0,1,2,3,4
Energy 	, Initial Positions 	, Obstacles Positions 	
"[88, 161, 107, 77, 9]","[872, 370, 774, 384, 391]","[553, 321, 686, 569, 164, 626, 383, 260, 282, 161, 826, 324, 759, 10, 237]"
"[True, 16417, 0.0, array([175.20361991, 320.54298643, 213.03167421, 153.30316742,
        17.91855204]), [88, 161, 107, 77, 9], 442]",432
"[True, 0, 0.0, array([ 88., 161., 107.,  77.,   9.]), [88, 161, 107, 77, 9], 442]",436
0,1,2,3,4
0,1,2,3,4
Energy 	, Initial Positions 	, Obstacles Positions 	
"[45, 56, 88, 149, 39]","[342, 249, 335, 450, 481]","[367, 418, 205, 560, 168, 611, 850, 869, 438, 143, 699, 533]"
"[True, 351, 0.0, array([105.39787798, 131.16180371, 206.11140584, 348.98408488,
        91.34482759]), [45, 56, 88, 149, 39], 377]",433
"[True, 102, 0.0, array([ 45.,  56.,  88., 149.,  39.]), [45, 56, 88, 149, 39], 377]",434
0,1,2,3,4
0,1,2,3,4
Energy 	, Initial Positions 	, Obstacles Positions 	
"[91, 114, 59, 73, 177]","[733, 687, 704, 411, 525]","[258, 317, 374, 58, 859, 681, 204, 587, 31, 25, 275, 578, 793, 642, 11, 32, 731, 157]"
"[True, 185, 0.0, array([155.26653696, 194.50972763, 100.66731518, 124.55447471,
       302.00194553]), [91, 114, 59, 73, 177], 514]",543
"[True, 2, 0.0, array([ 91., 114.,  59.,  73., 177.]), [91, 114, 59, 73, 177], 514]",539
0,1,2,3,4
0,1,2,3,4
Energy 	, Initial Positions 	, Obstacles Positions 	
"[29, 102, 145, 93, 180]","[125, 486, 209, 809, 172]","[519, 751, 303, 782, 710, 833, 199, 524, 160, 278, 778, 264, 826, 39, 547, 365, 232, 376]"
"[True, 262, 0.0, array([ 46.32604736, 162.93989071, 231.63023679, 148.56284153,
       287.54098361]), [29, 102, 145, 93, 180], 549]",453
"[True, 21, 0.0, array([ 29., 102., 145.,  93., 180.]), [29, 102, 145, 93, 180], 549]",451
0,1,2,3,4
0,1,2,3,4
Energy 	, Initial Positions 	, Obstacles Positions 	
"[141, 129, 141, 65, 21]","[802, 147, 868, 96, 533]","[151, 879, 155, 86, 129, 565, 496, 687, 882, 284, 75, 440]"
"[True, 815, 0.0, array([250.50905433, 229.18913481, 250.50905433, 115.48289738,
        37.30985915]), [141, 129, 141, 65, 21], 497]",440
"[True, 74, 0.0, array([141., 129., 141.,  65.,  21.]), [141, 129, 141, 65, 21], 497]",429
0,1,2,3,4
0,1,2,3,4
Energy 	, Initial Positions 	, Obstacles Positions 	
"[15, 26, 39, 48, 47]","[97, 280, 241, 679, 225]","[786, 313, 783, 356, 466, 85, 851, 595, 543, 150, 327, 686, 237, 141, 675, 256, 338, 238]"
"[True, 1500, 0.0, array([ 75.17142857, 130.29714286, 195.44571429, 240.54857143,
       235.53714286]), [15, 26, 39, 48, 47], 175]",301
"[True, 0, 0.0, array([15., 26., 39., 48., 47.]), [15, 26, 39, 48, 47], 175]",302
0,1,2,3,4
0,1,2,3,4
Energy 	, Initial Positions 	, Obstacles Positions 	
"[142, 59, 73, 90, 158]","[342, 249, 335, 450, 481]","[367, 418, 205, 560, 168, 611, 850, 869, 438, 143, 699, 533]"
"[True, 168, 0.0, array([240.20306513,  99.80268199, 123.48467433, 152.24137931,
       267.26819923]), [142, 59, 73, 90, 158], 522]",426
"[True, 137, 0.0, array([142.,  59.,  73.,  90., 158.]), [142, 59, 73, 90, 158], 522]",427
0,1,2,3,4
0,1,2,3,4
Energy 	, Initial Positions 	, Obstacles Positions 	
"[134, 70, 99, 91, 92]","[85, 568, 384, 498, 98]","[781, 316, 681, 896, 321, 140, 290, 31, 699, 39, 828, 531, 829, 775, 355]"
"[True, 76, 0.0, array([242.63374486, 126.74897119, 179.25925926, 164.77366255,
       166.58436214]), [134, 70, 99, 91, 92], 486]",384
"[True, 18, 0.0, array([134.,  70.,  99.,  91.,  92.]), [134, 70, 99, 91, 92], 486]",418
0,1,2,3,4
0,1,2,3,4
Energy 	, Initial Positions 	, Obstacles Positions 	
"[34, 79, 65, 159, 130]","[47, 205, 490, 892, 303]","[29, 798, 366, 392, 625, 106, 683, 524, 501, 317, 118, 103, 399, 363, 890, 631, 697, 642]"
"[True, 1137, 0.0, array([ 63.85010707, 148.35760171, 122.06638116, 298.59314775,
       244.13276231]), [34, 79, 65, 159, 130], 467]",429
"[True, 0, 0.0, array([ 34.,  79.,  65., 159., 130.]), [34, 79, 65, 159, 130], 467]",414
0,1,2,3,4
0,1,2,3,4
Energy 	, Initial Positions 	, Obstacles Positions 	
"[39, 153, 146, 31, 87]","[342, 249, 335, 450, 481]","[367, 418, 205, 560, 168, 611, 850, 869, 438, 143, 699, 533]"
"[True, 1574, 0.0, array([ 75.51973684, 296.26973684, 282.71491228,  60.02850877,
       168.46710526]), [39, 153, 146, 31, 87], 456]",430
"[True, 62, 0.0, array([ 39., 153., 146.,  31.,  87.]), [39, 153, 146, 31, 87], 456]",433
0,1,2,3,4
0,1,2,3,4
Energy 	, Initial Positions 	, Obstacles Positions 	
"[15, 109, 23, 102, 42]","[222, 425, 805, 66, 23]","[46, 622, 67, 197, 717, 694, 690, 436, 706, 414, 578, 626, 361, 722, 775, 362, 103, 618]"
"[True, 41567, 0.0, array([ 45.20618557, 328.49828179,  69.3161512 , 307.40206186,
       126.57731959]), [15, 109, 23, 102, 42], 291]",436
"[True, 9, 0.0, array([ 15., 109.,  23., 102.,  42.]), [15, 109, 23, 102, 42], 291]",419
0,1,2,3,4
0,1,2,3,4
Energy 	, Initial Positions 	, Obstacles Positions 	
"[37, 92, 34, 162, 155]","[445, 815, 714, 230, 853]","[105, 790, 506, 443, 603, 361, 79, 720, 586]"
"[True, 774, 0.0, array([ 68.29583333, 169.81666667,  62.75833333, 299.025     ,
       286.10416667]), [37, 92, 34, 162, 155], 480]",187
"[True, 5, 0.0, array([ 37.,  92.,  34., 162., 155.]), [37, 92, 34, 162, 155], 480]",189
0,1,2,3,4
0,1,2,3,4
Energy 	, Initial Positions 	, Obstacles Positions 	
"[101, 24, 151, 145, 62]","[696, 699, 810, 130, 500]","[277, 285, 255, 876, 689, 833, 473, 265, 147, 642, 710, 48]"
"[True, 4746, 0.0, array([184.64389234,  43.8757764 , 276.05175983, 265.08281573,
       113.34575569]), [101, 24, 151, 145, 62], 483]",201
"[True, 24, 0.0, array([101.,  24., 151., 145.,  62.]), [101, 24, 151, 145, 62], 483]",201
0,1,2,3,4
0,1,2,3,4
Energy 	, Initial Positions 	, Obstacles Positions 	
"[149, 25, 73, 98, 80]","[829, 580, 852, 239, 672]","[496, 352, 83, 241, 365, 68, 426, 515, 75]"
"[True, 49, 0.0, array([310.62117647,  52.11764706, 152.18352941, 204.30117647,
       166.77647059]), [149, 25, 73, 98, 80], 425]",542
"[True, 1, 0.0, array([149.,  25.,  73.,  98.,  80.]), [149, 25, 73, 98, 80], 425]",584
0,1,2,3,4
0,1,2,3,4
Energy 	, Initial Positions 	, Obstacles Positions 	
"[149, 141, 34, 122, 75]","[630, 43, 716, 97, 181]","[472, 792, 526, 839, 702, 590, 83, 681, 72, 157, 321, 521, 667, 645, 48, 477, 239, 177]"
"[True, 6850, 0.0, array([250.81190019, 237.34548944,  57.23224568, 205.36276392,
       126.24760077]), [149, 141, 34, 122, 75], 521]",560
"[True, 7, 0.0, array([149., 141.,  34., 122.,  75.]), [149, 141, 34, 122, 75], 521]",533
0,1,2,3,4
0,1,2,3,4
Energy 	, Initial Positions 	, Obstacles Positions 	
"[32, 16, 80, 8, 162]","[588, 2, 639, 612, 498]","[127, 354, 137, 182, 756, 898, 566, 678, 323]"
E,R,R,O,R, ,:, ,E,N,E,R,G,Y, ,D,O,E,S, ,N,O,T, ,F,I,T, ,A,S,S,I,G,N,M,E,N,T
E,R,R,O,R, ,:, ,E,N,E,R,G,Y, ,D,O,E,S, ,N,O,T, ,F,I,T, ,A,S,S,I,G,N,M,E,N,T
"[False, 40001, -1, [32, 16, 80, 8, 162], [(19, 18), (0, 2), (21, 9), (20, 12), (16, 18)], [(4, 7), (11, 24), (4, 17), (6, 2), (25, 6), (29, 28), (18, 26), (22, 18), (10, 23)], array([ 95.1409396 ,  47.5704698 , 237.85234899,  23.7852349 ,
       481.65100671])]",0
"[True, 0, 0.0, array([ 32.,  16.,  80.,   8., 162.]), [32, 16, 80, 8, 162], 298]",451
0,1,2,3,4
Energy 	, Initial Positions 	, Obstacles Positions 	
"[176, 8, 28, 110, 34]","[342, 249, 335, 450, 481]","[367, 418, 205, 560, 168, 611, 850, 869, 438, 143, 699, 533]"
"[True, 436, 0.0, array([436.53932584,  19.84269663,  69.4494382 , 272.83707865,
        84.33146067]), [176, 8, 28, 110, 34], 356]",425
"[True, 66, 0.0, array([176.,   8.,  28., 110.,  34.]), [176, 8, 28, 110, 34], 356]",426
0,1,2,3,4
0,1,2,3,4
Energy 	, Initial Positions 	, Obstacles Positions 	
"[15, 53, 66, 155, 112]","[403, 257, 760, 69, 830]","[337, 816, 815, 100, 559, 134, 724, 266, 877, 112, 529, 261, 874, 759, 255]"
"[True, 1778, 0.0, array([ 32.91770574, 116.30922693, 144.83790524, 340.14962594,
       245.78553616]), [15, 53, 66, 155, 112], 401]",445
"[True, 2, 0.0, array([ 15.,  53.,  66., 155., 112.]), [15, 53, 66, 155, 112], 401]",457
0,1,2,3,4
0,1,2,3,4
Energy 	, Initial Positions 	, Obstacles Positions 	
"[46, 34, 120, 47, 179]","[125, 486, 209, 809, 172]","[519, 751, 303, 782, 710, 833, 199, 524, 160, 278, 778, 264, 826, 39, 547, 365, 232, 376]"
"[True, 466, 0.0, array([ 94.69953052,  69.99530516, 247.04225352,  96.75821596,
       368.50469484]), [46, 34, 120, 47, 179], 426]",455
"[True, 20, 0.0, array([ 46.,  34., 120.,  47., 179.]), [46, 34, 120, 47, 179], 426]",456
0,1,2,3,4
0,1,2,3,4
Energy 	, Initial Positions 	, Obstacles Positions 	
"[66, 45, 31, 116, 101]","[300, 91, 844, 519, 398]","[582, 751, 494, 603, 515, 15, 677, 188, 492, 712, 653, 130, 612, 507, 156, 32, 846, 89]"
"[True, 122, 0.0, array([161.23119777, 109.93036212,  75.72980501, 283.37604457,
       246.73259053]), [66, 45, 31, 116, 101], 359]",573
"[True, 11, 0.0, array([ 66.,  45.,  31., 116., 101.]), [66, 45, 31, 116, 101], 359]",588
0,1,2,3,4
0,1,2,3,4
Energy 	, Initial Positions 	, Obstacles Positions 	
"[143, 80, 145, 69, 127]","[21, 834, 598, 801, 817]","[757, 635, 237, 10, 354, 66, 803, 464, 722, 721, 871, 798, 76, 656, 755, 581, 313, 620]"
"[True, 518, 0.0, array([222.35992908, 124.39716312, 225.46985816, 107.29255319,
       197.48049645]), [143, 80, 145, 69, 127], 564]",551
"[True, 48, 0.0, array([143.,  80., 145.,  69., 127.]), [143, 80, 145, 69, 127], 564]",558
0,1,2,3,4
0,1,2,3,4
Energy 	, Initial Positions 	, Obstacles Positions 	
"[85, 30, 58, 171, 86]","[812, 872, 522, 71, 649]","[70, 358, 469, 694, 830, 163, 801, 739, 894, 741, 222, 540]"
"[True, 23692, 0.0, array([174.54651163,  61.60465116, 119.10232558, 351.14651163,
       176.6       ]), [85, 30, 58, 171, 86], 430]",316
"[True, 59, 0.0, array([ 85.,  30.,  58., 171.,  86.]), [85, 30, 58, 171, 86], 430]",316
0,1,2,3,4
0,1,2,3,4
Energy 	, Initial Positions 	, Obstacles Positions 	
"[15, 11, 7, 80, 157]","[258, 786, 870, 240, 640]","[142, 573, 189, 626, 783, 90, 562, 188, 385, 557, 465, 110, 615, 476, 687, 402, 149, 254]"
"[True, 20728, 0.0, array([ 48.72222222,  35.72962963,  22.73703704, 259.85185185,
       509.95925926]), [15, 11, 7, 80, 157], 270]",433
"[True, 0, 0.0, array([ 15.,  11.,   7.,  80., 157.]), [15, 11, 7, 80, 157], 270]",435
0,1,2,3,4
0,1,2,3,4
Energy 	, Initial Positions 	, Obstacles Positions 	
"[86, 120, 105, 85, 107]","[342, 249, 335, 450, 481]","[367, 418, 205, 560, 168, 611, 850, 869, 438, 143, 699, 533]"
"[True, 98, 0.0, array([150.97017893, 210.65606362, 184.32405567, 149.21471173,
       187.83499006]), [86, 120, 105, 85, 107], 503]",429
"[True, 71, 0.0, array([ 86., 120., 105.,  85., 107.]), [86, 120, 105, 85, 107], 503]",412
0,1,2,3,4
0,1,2,3,4
Energy 	, Initial Positions 	, Obstacles Positions 	
"[21, 21, 86, 158, 121]","[542, 270, 80, 672, 573]","[504, 350, 562, 399, 756, 141, 301, 546, 86]"
"[True, 2724, 0.0, array([ 45.71498771,  45.71498771, 187.21375921, 343.95085995,
       263.40540541]), [21, 21, 86, 158, 121], 407]",559
"[True, 4, 0.0, array([ 21.,  21.,  86., 158., 121.]), [21, 21, 86, 158, 121], 407]",563
0,1,2,3,4
0,1,2,3,4
Energy 	, Initial Positions 	, Obstacles Positions 	
"[33, 69, 60, 163, 143]","[766, 757, 441, 26, 37]","[419, 890, 287, 370, 123, 794, 32, 6, 463, 40, 798, 283, 196, 244, 692, 893, 501, 98]"
"[True, 278, 0.0, array([ 61.83974359, 129.30128205, 112.43589744, 305.4508547 ,
       267.97222222]), [33, 69, 60, 163, 143], 468]",590
"[True, 13, 0.0, array([ 33.,  69.,  60., 163., 143.]), [33, 69, 60, 163, 143], 468]",586
0,1,2,3,4
0,1,2,3,4
Energy 	, Initial Positions 	, Obstacles Positions 	
"[125, 174, 96, 71, 51]","[766, 572, 60, 0, 52]","[769, 408, 872, 793, 186, 822, 170, 446, 850, 851, 594, 721, 254, 142, 219]"
"[True, 113, 0.0, array([212.76595745, 296.17021277, 163.40425532, 120.85106383,
        86.80851064]), [125, 174, 96, 71, 51], 517]",455
"[True, 40, 0.0, array([125., 174.,  96.,  71.,  51.]), [125, 174, 96, 71, 51], 517]",447
0,1,2,3,4
0,1,2,3,4
Energy 	, Initial Positions 	, Obstacles Positions 	
"[143, 58, 83, 55, 68]","[858, 146, 227, 754, 487]","[823, 386, 784, 638, 809, 467, 873, 269, 306]"
"[True, 3619, 0.0, array([311.2972973 , 126.26044226, 180.68304668, 119.72972973,
       148.02948403]), [143, 58, 83, 55, 68], 407]",582
"[True, 0, 0.0, array([143.,  58.,  83.,  55.,  68.]), [143, 58, 83, 55, 68], 407]",589
0,1,2,3,4
0,1,2,3,4
Energy 	, Initial Positions 	, Obstacles Positions 	
"[97, 25, 76, 27, 119]","[342, 249, 335, 450, 481]","[367, 418, 205, 560, 168, 611, 850, 869, 438, 143, 699, 533]"
"[True, 576, 0.0, array([248.98546512,  64.17151163, 195.08139535,  69.30523256,
       305.45639535]), [97, 25, 76, 27, 119], 344]",425
"[True, 94, 0.0, array([ 97.,  25.,  76.,  27., 119.]), [97, 25, 76, 27, 119], 344]",435
0,1,2,3,4
0,1,2,3,4
Energy 	, Initial Positions 	, Obstacles Positions 	
"[28, 171, 152, 169, 91]","[3, 174, 77, 233, 425]","[452, 689, 87, 81, 650, 691, 585, 695, 707, 672, 823, 71]"
"[True, 936, 0.0, array([ 40.46481178, 247.12438625, 219.66612111, 244.23404255,
       131.5106383 ]), [28, 171, 152, 169, 91], 611]",158
"[True, 15, 0.0, array([ 28., 171., 152., 169.,  91.]), [28, 171, 152, 169, 91], 611]",156
0,1,2,3,4
0,1,2,3,4
Energy 	, Initial Positions 	, Obstacles Positions 	
"[63, 104, 83, 15, 88]","[637, 813, 439, 39, 558]","[108, 196, 83, 429, 125, 473, 771, 157, 602, 269, 309, 746, 273, 640, 856, 764, 319, 505]"
"[True, 231, 0.0, array([156.5184136 , 258.3796034 , 206.20679887,  37.26628895,
       218.62889518]), [63, 104, 83, 15, 88], 353]",194
"[True, 13, 0.0, array([ 63., 104.,  83.,  15.,  88.]), [63, 104, 83, 15, 88], 353]",206
0,1,2,3,4
0,1,2,3,4
Energy 	, Initial Positions 	, Obstacles Positions 	
"[52, 86, 153, 82, 67]","[766, 572, 60, 0, 52]","[769, 408, 872, 793, 186, 822, 170, 446, 850, 851, 594, 721, 254, 142, 219]"
"[True, 824, 0.0, array([104., 172., 306., 164., 134.]), [52, 86, 153, 82, 67], 440]",457
"[True, 32, 0.0, array([ 52.,  86., 153.,  82.,  67.]), [52, 86, 153, 82, 67], 440]",450
0,1,2,3,4
0,1,2,3,4
Energy 	, Initial Positions 	, Obstacles Positions 	
"[90, 30, 144, 161, 153]","[15, 881, 231, 828, 398]","[629, 834, 124, 324, 779, 471, 179, 69, 366, 147, 409, 385, 184, 359, 397, 296, 167, 371]"
"[True, 3469, 0.0, array([136.55709343,  45.51903114, 218.49134948, 244.28546713,
       232.14705882]), [90, 30, 144, 161, 153], 578]",566
"[True, 0, 0.0, array([ 90.,  30., 144., 161., 153.]), [90, 30, 144, 161, 153], 578]",578
0,1,2,3,4
0,1,2,3,4
Energy 	, Initial Positions 	, Obstacles Positions 	
"[157, 28, 67, 61, 10]","[342, 249, 335, 450, 481]","[367, 418, 205, 560, 168, 611, 850, 869, 438, 143, 699, 533]"
"[True, 477, 0.0, array([429.19814241,  76.54489164, 183.16099071, 166.75851393,
        27.3374613 ]), [157, 28, 67, 61, 10], 323]",436
"[True, 18, 0.0, array([157.,  28.,  67.,  61.,  10.]), [157, 28, 67, 61, 10], 323]",430
0,1,2,3,4
0,1,2,3,4
Energy 	, Initial Positions 	, Obstacles Positions 	
"[67, 107, 23, 73, 146]","[47, 205, 490, 892, 303]","[29, 798, 366, 392, 625, 106, 683, 524, 501, 317, 118, 103, 399, 363, 890, 631, 697, 642]"
"[True, 223, 0.0, array([141.24759615, 225.57451923,  48.48798077, 153.89663462,
       307.79326923]), [67, 107, 23, 73, 146], 416]",432
"[True, 0, 0.0, array([ 67., 107.,  23.,  73., 146.]), [67, 107, 23, 73, 146], 416]",413
0,1,2,3,4
0,1,2,3,4
Energy 	, Initial Positions 	, Obstacles Positions 	
"[23, 24, 10, 167, 7]","[342, 249, 335, 450, 481]","[367, 418, 205, 560, 168, 611, 850, 869, 438, 143, 699, 533]"
"[True, 27066, 0.0, array([ 87.91774892,  91.74025974,  38.22510823, 638.35930736,
        26.75757576]), [23, 24, 10, 167, 7], 231]",439
"[True, 4, 0.0, array([ 23.,  24.,  10., 167.,   7.]), [23, 24, 10, 167, 7], 231]",442
0,1,2,3,4
0,1,2,3,4
Energy 	, Initial Positions 	, Obstacles Positions 	
"[79, 96, 131, 125, 44]","[766, 757, 441, 26, 37]","[419, 890, 287, 370, 123, 794, 32, 6, 463, 40, 798, 283, 196, 244, 692, 893, 501, 98]"
"[True, 3006, 0.0, array([145.85894737, 177.24631579, 241.86736842, 230.78947368,
        81.23789474]), [79, 96, 131, 125, 44], 475]",592
"[True, 13, 0.0, array([ 79.,  96., 131., 125.,  44.]), [79, 96, 131, 125, 44], 475]",588
0,1,2,3,4
0,1,2,3,4
Energy 	, Initial Positions 	, Obstacles Positions 	
"[30, 133, 88, 24, 135]","[766, 572, 60, 0, 52]","[769, 408, 872, 793, 186, 822, 170, 446, 850, 851, 594, 721, 254, 142, 219]"
"[True, 5881, 0.0, array([ 64.3902439 , 285.46341463, 188.87804878,  51.51219512,
       289.75609756]), [30, 133, 88, 24, 135], 410]",457
"[True, 188, 0.0, array([ 30., 133.,  88.,  24., 135.]), [30, 133, 88, 24, 135], 410]",453
0,1,2,3,4
0,1,2,3,4
Energy 	, Initial Positions 	, Obstacles Positions 	
"[175, 49, 50, 43, 41]","[641, 564, 617, 526, 327]","[440, 89, 132, 755, 383, 343, 354, 565, 335]"
"[True, 385, 0.0, array([433.10055866, 121.26815642, 123.74301676, 106.41899441,
       101.46927374]), [175, 49, 50, 43, 41], 358]",197
"[True, 0, 0.0, array([175.,  49.,  50.,  43.,  41.]), [175, 49, 50, 43, 41], 358]",187
0,1,2,3,4
0,1,2,3,4
Energy 	, Initial Positions 	, Obstacles Positions 	
"[86, 83, 32, 136, 159]","[342, 249, 335, 450, 481]","[367, 418, 205, 560, 168, 611, 850, 869, 438, 143, 699, 533]"
"[True, 259, 0.0, array([153.10080645, 147.76008065,  56.96774194, 242.11290323,
       283.05846774]), [86, 83, 32, 136, 159], 496]",435
"[True, 107, 0.0, array([ 86.,  83.,  32., 136., 159.]), [86, 83, 32, 136, 159], 496]",416
0,1,2,3,4
0,1,2,3,4
Energy 	, Initial Positions 	, Obstacles Positions 	
"[80, 37, 57, 41, 144]","[602, 97, 47, 173, 870]","[850, 631, 684, 630, 200, 720, 794, 365, 824, 142, 186, 285, 606, 417, 601]"
"[True, 1292, 0.0, array([196.10027855,  90.69637883, 139.72144847, 100.50139276,
       352.98050139]), [80, 37, 57, 41, 144], 359]",584
"[True, 2, 0.0, array([ 80.,  37.,  57.,  41., 144.]), [80, 37, 57, 41, 144], 359]",594
0,1,2,3,4
0,1,2,3,4
Energy 	, Initial Positions 	, Obstacles Positions 	
"[13, 85, 164, 177, 146]","[125, 486, 209, 809, 172]","[519, 751, 303, 782, 710, 833, 199, 524, 160, 278, 778, 264, 826, 39, 547, 365, 232, 376]"
"[True, 2861, 0.0, array([ 19.48888889, 127.42735043, 245.85982906, 265.34871795,
       218.87521368]), [13, 85, 164, 177, 146], 585]",454
"[True, 26, 0.0, array([ 13.,  85., 164., 177., 146.]), [13, 85, 164, 177, 146], 585]",449
0,1,2,3,4
0,1,2,3,4
Energy 	, Initial Positions 	, Obstacles Positions 	
"[57, 50, 81, 115, 142]","[181, 452, 115, 878, 709]","[398, 626, 898, 329, 340, 23, 280, 245, 166, 667, 262, 53, 768, 483, 400]"
"[True, 1500, 0.0, array([112.71910112,  98.87640449, 160.17977528, 227.41573034,
       280.80898876]), [57, 50, 81, 115, 142], 445]",205
"[True, 6, 0.0, array([ 57.,  50.,  81., 115., 142.]), [57, 50, 81, 115, 142], 445]",194
0,1,2,3,4
0,1,2,3,4
Energy 	, Initial Positions 	, Obstacles Positions 	
"[45, 17, 175, 68, 69]","[727, 271, 514, 441, 186]","[616, 31, 122, 130, 849, 456, 385, 180, 570]"
"[True, 221, 0.0, array([106.60427807,  40.27272727, 414.57219251, 161.09090909,
       163.45989305]), [45, 17, 175, 68, 69], 374]",149
"[True, 6, 0.0, array([ 45.,  17., 175.,  68.,  69.]), [45, 17, 175, 68, 69], 374]",147
0,1,2,3,4
0,1,2,3,4
Energy 	, Initial Positions 	, Obstacles Positions 	
"[21, 179, 119, 115, 145]","[727, 271, 514, 441, 186]","[616, 31, 122, 130, 849, 456, 385, 180, 570]"
"[True, 245, 0.0, array([ 32.13471503, 273.91018998, 182.09671848, 175.97582038,
       221.88255613]), [21, 179, 119, 115, 145], 579]",144
"[True, 22, 0.0, array([ 21., 179., 119., 115., 145.]), [21, 179, 119, 115, 145], 579]",143
0,1,2,3,4
0,1,2,3,4
Energy 	, Initial Positions 	, Obstacles Positions 	
"[69, 143, 117, 142, 121]","[659, 99, 119, 487, 11]","[195, 895, 254, 718, 580, 202, 614, 516, 159, 78, 26, 301]"
"[True, 87, 0.0, array([102.91722973, 213.29222973, 174.51182432, 211.80067568,
       180.47804054]), [69, 143, 117, 142, 121], 592]",294
"[True, 20, 0.0, array([ 69., 143., 117., 142., 121.]), [69, 143, 117, 142, 121], 592]",292
0,1,2,3,4
0,1,2,3,4
I,T,E,R,A,T,I,O,N,S, ,N,O,R,M,A,L,I,Z,E,D,5,4,0,0,.,5,1
I,T,E,R,A,T,I,O,N,S, ,N,O,N, ,N,O,R,M,A,L,I,Z,E,D,2,7,.,2
E,R,R,O,R,S, ,N,O,R,M,A,L,I,Z,E,D,3
E,R,R,O,R,S, ,N,O,N, ,N,O,R,M,A,L,I,Z,E,D,0
