Energy 	, Initial Positions 	, Obstacles Positions 	
"[39, 150, 21, 70, 35]","[342, 249, 335, 450, 481]","[367, 418, 205, 560, 168, 611, 850, 869, 438, 143, 699, 533, 22, 399, 277, 892, 751, 28, 518, 733, 585, 325, 247, 96, 647, 753, 144, 521, 386, 616, 409, 288, 145, 452, 697, 805]"
"[True, 1121, 0.0, array([106.35238095, 409.04761905,  57.26666667, 190.88888889,
        95.44444444]), [39, 150, 21, 70, 35], 315]",162
"[True, 58, 0.0, array([ 39., 150.,  21.,  70.,  35.]), [39, 150, 21, 70, 35], 315]",176
0,1,2,3,4
0,1,2,3,4
Energy 	, Initial Positions 	, Obstacles Positions 	
"[131, 120, 125, 171, 102]","[256, 671, 380, 528, 424]","[354, 664, 897, 98, 758, 866, 680, 353, 368, 677, 113, 427, 350, 228, 227, 43, 623, 104, 284, 367, 526, 30, 102, 817, 444, 285, 97, 332, 58, 402, 236, 83, 835, 806, 312, 575, 252, 513, 729, 465, 579, 516, 452, 320, 638]"
"[True, 254, 0.0, array([171.57164869, 157.16486903, 163.71340524, 223.95993837,
       133.59013867]), [131, 120, 125, 171, 102], 649]",561
"[True, 0, 0.0, array([131., 120., 125., 171., 102.]), [131, 120, 125, 171, 102], 649]",563
0,1,2,3,4
0,1,2,3,4
Energy 	, Initial Positions 	, Obstacles Positions 	
"[58, 29, 129, 12, 104]","[342, 249, 335, 450, 481]","[367, 418, 205, 560, 168, 611, 850, 869, 438, 143, 699, 533, 22, 399, 277, 892, 751, 28, 518, 733, 585, 325, 247, 96, 647, 753, 144, 521, 386, 616, 409, 288, 145, 452, 697, 805]"
"[True, 42874, 0.0, array([150.06626506,  75.03313253, 333.76807229,  31.04819277,
       269.08433735]), [58, 29, 129, 12, 104], 332]",168
"[True, 39, 0.0, array([ 58.,  29., 129.,  12., 104.]), [58, 29, 129, 12, 104], 332]",177
0,1,2,3,4
0,1,2,3,4
Energy 	, Initial Positions 	, Obstacles Positions 	
"[115, 160, 5, 119, 73]","[741, 446, 607, 850, 120]","[672, 322, 641, 439, 187, 242, 729, 553, 523, 335, 545, 720, 869, 507, 801, 466, 586, 895, 524, 789, 411, 766, 84, 261, 494, 841, 182]"
"[True, 415, 0.0, array([211.48305085, 294.23728814,   9.19491525, 218.83898305,
       134.24576271]), [115, 160, 5, 119, 73], 472]",175
"[True, 14, 0.0, array([115., 160.,   5., 119.,  73.]), [115, 160, 5, 119, 73], 472]",179
0,1,2,3,4
0,1,2,3,4
Energy 	, Initial Positions 	, Obstacles Positions 	
"[63, 156, 31, 86, 12]","[544, 22, 793, 488, 832]","[171, 439, 20, 505, 455, 232, 712, 796, 402, 548, 571, 35, 153, 522, 502, 129, 212, 896, 65, 747, 852, 273, 543, 837, 495, 618, 517, 726, 865, 274, 109, 175, 866, 546, 652, 792]"
"[True, 24659, 0.0, array([155.50862069, 385.06896552,  76.52011494, 212.2816092 ,
        29.62068966]), [63, 156, 31, 86, 12], 348]",440
"[True, 0, 0.0, array([ 63., 156.,  31.,  86.,  12.]), [63, 156, 31, 86, 12], 348]",436
0,1,2,3,4
0,1,2,3,4
Energy 	, Initial Positions 	, Obstacles Positions 	
"[10, 11, 171, 143, 7]","[342, 249, 335, 450, 481]","[367, 418, 205, 560, 168, 611, 850, 869, 438, 143, 699, 533, 22, 399, 277, 892, 751, 28, 518, 733, 585, 325, 247, 96, 647, 753, 144, 521, 386, 616, 409, 288, 145, 452, 697, 805]"
"[True, 43015, 0.0, array([ 25.11695906,  27.62865497, 429.5       , 359.17251462,
        17.58187135]), [10, 11, 171, 143, 7], 342]",165
"[True, 9, 0.0, array([ 10.,  11., 171., 143.,   7.]), [10, 11, 171, 143, 7], 342]",175
0,1,2,3,4
0,1,2,3,4
Energy 	, Initial Positions 	, Obstacles Positions 	
"[102, 180, 60, 113, 12]","[445, 815, 714, 230, 853]","[105, 790, 506, 443, 603, 361, 79, 720, 586, 863, 804, 312, 236, 345, 335, 799, 55, 716, 160, 516, 448, 307, 471, 238, 871, 592, 541]"
"[True, 2299, 0.0, array([189.58458244, 334.56102784, 111.52034261, 210.02997859,
        22.30406852]), [102, 180, 60, 113, 12], 467]",217
"[True, 0, 0.0, array([102., 180.,  60., 113.,  12.]), [102, 180, 60, 113, 12], 467]",209
0,1,2,3,4
0,1,2,3,4
Energy 	, Initial Positions 	, Obstacles Positions 	
"[140, 61, 117, 131, 146]","[342, 249, 335, 450, 481]","[367, 418, 205, 560, 168, 611, 850, 869, 438, 143, 699, 533, 22, 399, 277, 892, 751, 28, 518, 733, 585, 325, 247, 96, 647, 753, 144, 521, 386, 616, 409, 288, 145, 452, 697, 805]"
"[True, 752, 0.0, array([202.11764706,  88.06554622, 168.91260504, 189.12436975,
       210.77983193]), [140, 61, 117, 131, 146], 595]",193
"[True, 117, 0.0, array([140.,  61., 117., 131., 146.]), [140, 61, 117, 131, 146], 595]",208
0,1,2,3,4
0,1,2,3,4
Energy 	, Initial Positions 	, Obstacles Positions 	
"[64, 93, 64, 178, 61]","[158, 512, 887, 749, 895]","[329, 334, 530, 317, 712, 519, 359, 54, 755, 768, 470, 491, 121, 864, 352, 444, 62, 586, 25, 150, 98, 452, 229, 877, 739, 546, 766, 269, 386, 587, 30, 397, 899, 815, 135, 799, 148, 107, 338, 367, 375, 580, 634, 429, 2]"
"[True, 2497, 0.0, array([118.26086957, 171.84782609, 118.26086957, 328.91304348,
       112.7173913 ]), [64, 93, 64, 178, 61], 460]",154
"[True, 47, 0.0, array([ 64.,  93.,  64., 178.,  61.]), [64, 93, 64, 178, 61], 460]",155
0,1,2,3,4
0,1,2,3,4
Energy 	, Initial Positions 	, Obstacles Positions 	
"[122, 79, 10, 111, 147]","[229, 97, 494, 40, 570]","[469, 307, 382, 519, 579, 150, 756, 683, 877, 468, 547, 348, 162, 783, 231, 455, 575, 6, 201, 715, 139, 256, 283, 213, 660, 460, 720, 218, 509, 895, 506, 653, 794, 467, 898, 141, 642, 372, 751, 7, 49, 727, 862, 589, 393, 392, 647, 851, 76, 536, 152, 62, 414, 55]"
"[True, 815, 0.0, array([218.76759062, 141.66098081,  17.93176972, 199.04264392,
       263.59701493]), [122, 79, 10, 111, 147], 469]",309
"[True, 27, 0.0, array([122.,  79.,  10., 111., 147.]), [122, 79, 10, 111, 147], 469]",309
0,1,2,3,4
0,1,2,3,4
Energy 	, Initial Positions 	, Obstacles Positions 	
"[169, 30, 52, 166, 80]","[278, 146, 790, 705, 68]","[578, 618, 700, 359, 724, 593, 889, 193, 708, 584, 306, 13, 253, 74, 228, 317, 686, 605, 492, 283, 260, 11, 852, 398, 376, 26, 428]"
"[True, 361, 0.0, array([295.15492958,  52.3943662 ,  90.81690141, 289.91549296,
       139.71830986]), [169, 30, 52, 166, 80], 497]",316
"[True, 0, 0.0, array([169.,  30.,  52., 166.,  80.]), [169, 30, 52, 166, 80], 497]",304
0,1,2,3,4
0,1,2,3,4
Energy 	, Initial Positions 	, Obstacles Positions 	
"[35, 90, 133, 113, 134]","[342, 249, 335, 450, 481]","[367, 418, 205, 560, 168, 611, 850, 869, 438, 143, 699, 533, 22, 399, 277, 892, 751, 28, 518, 733, 585, 325, 247, 96, 647, 753, 144, 521, 386, 616, 409, 288, 145, 452, 697, 805]"
"[True, 208, 0.0, array([ 59.53465347, 153.08910891, 226.23168317, 192.21188119,
       227.93267327]), [35, 90, 133, 113, 134], 505]",186
"[True, 140, 0.0, array([ 35.,  90., 133., 113., 134.]), [35, 90, 133, 113, 134], 505]",219
0,1,2,3,4
0,1,2,3,4
Energy 	, Initial Positions 	, Obstacles Positions 	
"[176, 53, 82, 77, 155]","[250, 730, 816, 743, 808]","[316, 280, 630, 597, 745, 810, 617, 27, 105, 655, 291, 669, 472, 682, 896, 30, 234, 699, 819, 204, 176, 625, 518, 530, 106, 465, 634, 888, 152, 85, 482, 254, 771, 554, 300, 705, 126, 73, 640, 190, 308, 18, 401, 466, 33, 878, 64, 772, 686, 714, 76, 124, 608, 629]"
"[True, 18443, 0.0, array([272.5893186 ,  82.08655617, 127.00184162, 119.25782689,
       240.06445672]), [176, 53, 82, 77, 155], 543]",545
"[True, 6, 0.0, array([176.,  53.,  82.,  77., 155.]), [176, 53, 82, 77, 155], 543]",543
0,1,2,3,4
0,1,2,3,4
Energy 	, Initial Positions 	, Obstacles Positions 	
"[132, 134, 105, 155, 13]","[727, 271, 514, 441, 186]","[616, 31, 122, 130, 849, 456, 385, 180, 570, 260, 605, 806, 93, 793, 579, 141, 282, 433, 83, 870, 533, 299, 284, 347, 51, 8, 285]"
"[True, 296, 0.0, array([212.57142857, 215.79220779, 169.09090909, 249.61038961,
        20.93506494]), [132, 134, 105, 155, 13], 539]",170
"[True, 18, 0.0, array([132., 134., 105., 155.,  13.]), [132, 134, 105, 155, 13], 539]",160
0,1,2,3,4
0,1,2,3,4
Energy 	, Initial Positions 	, Obstacles Positions 	
"[127, 67, 108, 111, 175]","[47, 205, 490, 892, 303]","[29, 798, 366, 392, 625, 106, 683, 524, 501, 317, 118, 103, 399, 363, 890, 631, 697, 642, 441, 822, 694, 158, 785, 680, 617, 110, 196, 671, 657, 102, 365, 616, 656, 747, 229, 76, 725, 542, 857, 608, 464, 375, 467, 431, 670, 599, 166, 304, 312, 243, 20, 58, 739, 88]"
"[True, 116, 0.0, array([181.64455782,  95.82823129, 154.46938776, 158.76020408,
       250.29761905]), [127, 67, 108, 111, 175], 588]",583
"[True, 10, 0.0, array([127.,  67., 108., 111., 175.]), [127, 67, 108, 111, 175], 588]",582
0,1,2,3,4
0,1,2,3,4
Energy 	, Initial Positions 	, Obstacles Positions 	
"[49, 98, 145, 177, 100]","[36, 77, 428, 623, 6]","[519, 436, 438, 234, 93, 161, 318, 477, 590, 250, 323, 803, 817, 384, 581, 473, 653, 380, 681, 406, 545, 715, 802, 608, 686, 845, 217, 381, 35, 756, 263, 521, 2, 193, 530, 215, 124, 567, 346, 555, 196, 849, 39, 821, 322]"
"[True, 280, 0.0, array([ 73.19859402, 146.39718805, 216.60808436, 264.4112478 ,
       149.38488576]), [49, 98, 145, 177, 100], 569]",288
"[True, 32, 0.0, array([ 49.,  98., 145., 177., 100.]), [49, 98, 145, 177, 100], 569]",297
0,1,2,3,4
0,1,2,3,4
Energy 	, Initial Positions 	, Obstacles Positions 	
"[27, 117, 174, 135, 32]","[15, 881, 231, 828, 398]","[629, 834, 124, 324, 779, 471, 179, 69, 366, 147, 409, 385, 184, 359, 397, 296, 167, 371, 108, 190, 405, 812, 841, 807, 316, 878, 886, 175, 51, 323, 65, 764, 103, 55, 477, 274, 885, 691, 118, 364, 57, 814, 838, 351, 594, 529, 338, 373, 729, 745, 661, 178, 484, 500]"
"[True, 2029, 0.0, array([ 46.8185567 , 202.88041237, 301.71958763, 234.09278351,
        55.48865979]), [27, 117, 174, 135, 32], 485]",564
"[True, 2, 0.0, array([ 27., 117., 174., 135.,  32.]), [27, 117, 174, 135, 32], 485]",591
0,1,2,3,4
0,1,2,3,4
Energy 	, Initial Positions 	, Obstacles Positions 	
"[46, 138, 105, 99, 130]","[125, 486, 209, 809, 172]","[519, 751, 303, 782, 710, 833, 199, 524, 160, 278, 778, 264, 826, 39, 547, 365, 232, 376, 554, 307, 446, 11, 722, 22, 295, 276, 114, 620, 738, 225, 716, 96, 152, 758, 292, 1, 315, 69, 797, 175, 757, 508, 403, 475, 35, 308, 700, 662, 256, 45, 732, 760, 290, 590]"
"[True, 13793, 0.0, array([ 74.68339768, 224.05019305, 170.47297297, 160.73166023,
       211.06177606]), [46, 138, 105, 99, 130], 518]",409
"[True, 26, 0.0, array([ 46., 138., 105.,  99., 130.]), [46, 138, 105, 99, 130], 518]",414
0,1,2,3,4
0,1,2,3,4
Energy 	, Initial Positions 	, Obstacles Positions 	
"[12, 125, 16, 83, 162]","[181, 452, 115, 878, 709]","[398, 626, 898, 329, 340, 23, 280, 245, 166, 667, 262, 53, 768, 483, 400, 847, 760, 628, 591, 136, 892, 80, 785, 860, 15, 817, 85, 331, 480, 220, 809, 576, 504, 439, 55, 496, 368, 172, 793, 866, 708, 592, 780, 131, 116]"
"[True, 34480, 0.0, array([ 25.6281407 , 266.95979899,  34.17085427, 177.26130653,
       345.9798995 ]), [12, 125, 16, 83, 162], 398]",306
"[True, 0, 0.0, array([ 12., 125.,  16.,  83., 162.]), [12, 125, 16, 83, 162], 398]",301
0,1,2,3,4
0,1,2,3,4
Energy 	, Initial Positions 	, Obstacles Positions 	
"[156, 153, 105, 170, 48]","[342, 249, 335, 450, 481]","[367, 418, 205, 560, 168, 611, 850, 869, 438, 143, 699, 533, 22, 399, 277, 892, 751, 28, 518, 733, 585, 325, 247, 96, 647, 753, 144, 521, 386, 616, 409, 288, 145, 452, 697, 805]"
"[True, 119, 0.0, array([212.03164557, 207.95411392, 142.71360759, 231.06012658,
        65.24050633]), [156, 153, 105, 170, 48], 632]",199
"[True, 81, 0.0, array([156., 153., 105., 170.,  48.]), [156, 153, 105, 170, 48], 632]",206
0,1,2,3,4
0,1,2,3,4
Energy 	, Initial Positions 	, Obstacles Positions 	
"[48, 133, 63, 8, 56]","[65, 102, 191, 329, 357]","[702, 762, 590, 548, 371, 39, 490, 43, 209, 229, 369, 106, 283, 783, 63, 319, 542, 662, 273, 99, 785, 774, 564, 40, 410, 883, 59]"
"[True, 194, 0.0, array([135.27272727, 374.81818182, 177.54545455,  22.54545455,
       157.81818182]), [48, 133, 63, 8, 56], 308]",579
"[True, 3, 0.0, array([ 48., 133.,  63.,   8.,  56.]), [48, 133, 63, 8, 56], 308]",566
0,1,2,3,4
0,1,2,3,4
Energy 	, Initial Positions 	, Obstacles Positions 	
"[143, 145, 64, 108, 136]","[160, 407, 34, 335, 842]","[740, 318, 763, 157, 739, 433, 229, 542, 84, 261, 478, 347, 860, 227, 701, 645, 897, 14, 191, 446, 877, 578, 468, 67, 406, 151, 820, 343, 891, 131, 735, 22, 169, 311, 521, 880, 402, 808, 760, 599, 794, 668, 587, 464, 290]"
"[True, 584, 0.0, array([203.94295302, 206.79530201,  91.27516779, 154.02684564,
       193.95973154]), [143, 145, 64, 108, 136], 596]",414
"[True, 69, 0.0, array([143., 145.,  64., 108., 136.]), [143, 145, 64, 108, 136], 596]",406
0,1,2,3,4
0,1,2,3,4
Energy 	, Initial Positions 	, Obstacles Positions 	
"[93, 152, 95, 122, 73]","[643, 223, 95, 578, 419]","[645, 649, 690, 320, 414, 828, 149, 780, 147, 600, 435, 285, 88, 536, 160, 77, 262, 49, 306, 274, 570, 170, 738, 746, 562, 266, 40, 44, 166, 452, 418, 168, 126, 541, 6, 406, 279, 465, 57, 329, 893, 235, 375, 605, 474]"
"[True, 656, 0.0, array([147.75700935, 241.4953271 , 150.93457944, 193.8317757 ,
       115.98130841]), [93, 152, 95, 122, 73], 535]",301
"[True, 0, 0.0, array([ 93., 152.,  95., 122.,  73.]), [93, 152, 95, 122, 73], 535]",313
0,1,2,3,4
0,1,2,3,4
Energy 	, Initial Positions 	, Obstacles Positions 	
"[173, 145, 160, 6, 103]","[342, 249, 335, 450, 481]","[367, 418, 205, 560, 168, 611, 850, 869, 438, 143, 699, 533, 22, 399, 277, 892, 751, 28, 518, 733, 585, 325, 247, 96, 647, 753, 144, 521, 386, 616, 409, 288, 145, 452, 697, 805]"
"[True, 209, 0.0, array([253.16354344, 212.1890971 , 234.13969336,   8.7802385 ,
       150.7274276 ]), [173, 145, 160, 6, 103], 587]",192
"[True, 6, 0.0, array([173., 145., 160.,   6., 103.]), [173, 145, 160, 6, 103], 587]",187
0,1,2,3,4
0,1,2,3,4
Energy 	, Initial Positions 	, Obstacles Positions 	
"[136, 38, 137, 148, 57]","[727, 271, 514, 441, 186]","[616, 31, 122, 130, 849, 456, 385, 180, 570, 260, 605, 806, 93, 793, 579, 141, 282, 433, 83, 870, 533, 299, 284, 347, 51, 8, 285]"
"[True, 1130, 0.0, array([228.7751938 ,  63.92248062, 230.45736434, 248.96124031,
        95.88372093]), [136, 38, 137, 148, 57], 516]",162
"[True, 10, 0.0, array([136.,  38., 137., 148.,  57.]), [136, 38, 137, 148, 57], 516]",152
0,1,2,3,4
0,1,2,3,4
Energy 	, Initial Positions 	, Obstacles Positions 	
"[114, 19, 128, 98, 150]","[36, 77, 428, 623, 6]","[519, 436, 438, 234, 93, 161, 318, 477, 590, 250, 323, 803, 817, 384, 581, 473, 653, 380, 681, 406, 545, 715, 802, 608, 686, 845, 217, 381, 35, 756, 263, 521, 2, 193, 530, 215, 124, 567, 346, 555, 196, 849, 39, 821, 322]"
"[True, 27866, 0.0, array([190.37328094,  31.72888016, 213.7524558 , 163.65422397,
       250.49115914]), [114, 19, 128, 98, 150], 509]",290
"[True, 21, 0.0, array([114.,  19., 128.,  98., 150.]), [114, 19, 128, 98, 150], 509]",296
0,1,2,3,4
0,1,2,3,4
Energy 	, Initial Positions 	, Obstacles Positions 	
"[146, 56, 134, 110, 129]","[802, 147, 868, 96, 533]","[151, 879, 155, 86, 129, 565, 496, 687, 882, 284, 75, 440, 323, 55, 296, 166, 383, 255, 127, 10, 504, 689, 110, 289, 898, 374, 625, 60, 777, 699, 95, 163, 685, 244, 138, 469]"
"[True, 478, 0.0, array([218.11130435,  83.65913043, 200.18434783, 164.33043478,
       192.71478261]), [146, 56, 134, 110, 129], 575]",447
"[True, 87, 0.0, array([146.,  56., 134., 110., 129.]), [146, 56, 134, 110, 129], 575]",441
0,1,2,3,4
0,1,2,3,4
Energy 	, Initial Positions 	, Obstacles Positions 	
"[96, 111, 93, 5, 142]","[310, 78, 467, 814, 793]","[588, 757, 807, 497, 718, 662, 614, 840, 837, 448, 877, 95, 752, 659, 842, 350, 838, 143, 478, 434, 388, 88, 48, 299, 701, 113, 625, 179, 254, 76, 582, 381, 357, 561, 808, 696]"
"[True, 353, 0.0, array([184.48322148, 213.30872483, 178.71812081,   9.60850112,
       272.88143177]), [96, 111, 93, 5, 142], 447]",450
"[True, 0, 0.0, array([ 96., 111.,  93.,   5., 142.]), [96, 111, 93, 5, 142], 447]",450
0,1,2,3,4
0,1,2,3,4
Energy 	, Initial Positions 	, Obstacles Positions 	
"[143, 164, 161, 89, 122]","[342, 249, 335, 450, 481]","[367, 418, 205, 560, 168, 611, 850, 869, 438, 143, 699, 533, 22, 399, 277, 892, 751, 28, 518, 733, 585, 325, 247, 96, 647, 753, 144, 521, 386, 616, 409, 288, 145, 452, 697, 805]"
"[True, 110, 0.0, array([180.90868925, 207.47569956, 203.68041237, 112.59351988,
       154.34167894]), [143, 164, 161, 89, 122], 679]",204
"[True, 67, 0.0, array([143., 164., 161.,  89., 122.]), [143, 164, 161, 89, 122], 679]",215
0,1,2,3,4
0,1,2,3,4
Energy 	, Initial Positions 	, Obstacles Positions 	
"[158, 12, 63, 167, 50]","[805, 180, 86, 194, 405]","[419, 261, 747, 370, 455, 774, 513, 236, 47, 474, 245, 1, 767, 116, 151, 296, 489, 315, 757, 706, 772, 587, 231, 578, 22, 521, 586]"
"[True, 7675, 0.0, array([304.76444444,  23.14666667, 121.52      , 322.12444444,
        96.44444444]), [158, 12, 63, 167, 50], 450]",412
"[True, 2, 0.0, array([158.,  12.,  63., 167.,  50.]), [158, 12, 63, 167, 50], 450]",437
0,1,2,3,4
0,1,2,3,4
Energy 	, Initial Positions 	, Obstacles Positions 	
"[145, 154, 51, 28, 146]","[125, 486, 209, 809, 172]","[519, 751, 303, 782, 710, 833, 199, 524, 160, 278, 778, 264, 826, 39, 547, 365, 232, 376, 554, 307, 446, 11, 722, 22, 295, 276, 114, 620, 738, 225, 716, 96, 152, 758, 292, 1, 315, 69, 797, 175, 757, 508, 403, 475, 35, 308, 700, 662, 256, 45, 732, 760, 290, 590]"
"[True, 354, 0.0, array([232.71946565, 247.16412214,  81.85305344,  44.9389313 ,
       234.32442748]), [145, 154, 51, 28, 146], 524]",404
"[True, 3, 0.0, array([145., 154.,  51.,  28., 146.]), [145, 154, 51, 28, 146], 524]",406
0,1,2,3,4
0,1,2,3,4
Energy 	, Initial Positions 	, Obstacles Positions 	
"[70, 13, 177, 23, 26]","[160, 407, 34, 335, 842]","[740, 318, 763, 157, 739, 433, 229, 542, 84, 261, 478, 347, 860, 227, 701, 645, 897, 14, 191, 446, 877, 578, 468, 67, 406, 151, 820, 343, 891, 131, 735, 22, 169, 311, 521, 880, 402, 808, 760, 599, 794, 668, 587, 464, 290]"
"[True, 2791, 0.0, array([192.5566343 ,  35.7605178 , 486.89320388,  63.26860841,
        71.5210356 ]), [70, 13, 177, 23, 26], 309]",434
"[True, 11, 0.0, array([ 70.,  13., 177.,  23.,  26.]), [70, 13, 177, 23, 26], 309]",437
0,1,2,3,4
0,1,2,3,4
Energy 	, Initial Positions 	, Obstacles Positions 	
"[9, 120, 8, 76, 68]","[21, 834, 598, 801, 817]","[757, 635, 237, 10, 354, 66, 803, 464, 722, 721, 871, 798, 76, 656, 755, 581, 313, 620, 461, 848, 330, 596, 578, 133, 894, 175, 553, 367, 468, 377, 395, 486, 842, 487, 807, 619, 626, 804, 146, 440, 188, 826, 409, 143, 280, 306, 272, 207, 737, 197, 230, 483, 530, 23]"
"[True, 2507, 0.0, array([ 26.93594306, 359.14590747,  23.9430605 , 227.45907473,
       203.51601423]), [9, 120, 8, 76, 68], 281]",171
"[True, 8, 0.0, array([  9., 120.,   8.,  76.,  68.]), [9, 120, 8, 76, 68], 281]",173
0,1,2,3,4
0,1,2,3,4
Energy 	, Initial Positions 	, Obstacles Positions 	
"[73, 33, 164, 52, 93]","[828, 476, 707, 151, 570]","[319, 638, 774, 879, 842, 798, 634, 537, 36, 575, 303, 295, 514, 30, 23, 91, 486, 380, 850, 848, 69, 41, 40, 225, 761, 518, 443, 194, 129, 251, 279, 859, 33, 376, 755, 630, 872, 360, 580, 699, 725, 142, 154, 147, 362]"
"[True, 250, 0.0, array([149.51807229,  67.59036145, 335.90361446, 106.5060241 ,
       190.48192771]), [73, 33, 164, 52, 93], 415]",465
"[True, 1, 0.0, array([ 73.,  33., 164.,  52.,  93.]), [73, 33, 164, 52, 93], 415]",458
0,1,2,3,4
0,1,2,3,4
Energy 	, Initial Positions 	, Obstacles Positions 	
"[79, 22, 47, 45, 70]","[630, 43, 716, 97, 181]","[472, 792, 526, 839, 702, 590, 83, 681, 72, 157, 321, 521, 667, 645, 48, 477, 239, 177, 119, 632, 395, 476, 172, 30, 369, 837, 65, 535, 55, 392, 272, 585, 222, 757, 372, 639, 182, 274, 817, 391, 819, 296, 50, 188, 201, 132, 304, 774, 257, 412, 531, 73, 374, 178]"
"[True, 451, 0.0, array([252.61977186,  70.34980989, 150.29277567, 143.8973384 ,
       223.84030418]), [79, 22, 47, 45, 70], 263]",302
"[True, 8, 0.0, array([79., 22., 47., 45., 70.]), [79, 22, 47, 45, 70], 263]",322
0,1,2,3,4
0,1,2,3,4
Energy 	, Initial Positions 	, Obstacles Positions 	
"[140, 48, 173, 74, 170]","[828, 476, 707, 151, 570]","[319, 638, 774, 879, 842, 798, 634, 537, 36, 575, 303, 295, 514, 30, 23, 91, 486, 380, 850, 848, 69, 41, 40, 225, 761, 518, 443, 194, 129, 251, 279, 859, 33, 376, 755, 630, 872, 360, 580, 699, 725, 142, 154, 147, 362]"
"[True, 4816, 0.0, array([196.69421488,  67.43801653, 243.05785124, 103.96694215,
       238.84297521]), [140, 48, 173, 74, 170], 605]",446
"[True, 18, 0.0, array([140.,  48., 173.,  74., 170.]), [140, 48, 173, 74, 170], 605]",453
0,1,2,3,4
0,1,2,3,4
Energy 	, Initial Positions 	, Obstacles Positions 	
"[80, 121, 87, 132, 126]","[47, 205, 490, 892, 303]","[29, 798, 366, 392, 625, 106, 683, 524, 501, 317, 118, 103, 399, 363, 890, 631, 697, 642, 441, 822, 694, 158, 785, 680, 617, 110, 196, 671, 657, 102, 365, 616, 656, 747, 229, 76, 725, 542, 857, 608, 464, 375, 467, 431, 670, 599, 166, 304, 312, 243, 20, 58, 739, 88]"
"[True, 13478, 0.0, array([123.22344322, 186.37545788, 134.00549451, 203.31868132,
       194.07692308]), [80, 121, 87, 132, 126], 546]",583
"[True, 0, 0.0, array([ 80., 121.,  87., 132., 126.]), [80, 121, 87, 132, 126], 546]",575
0,1,2,3,4
0,1,2,3,4
Energy 	, Initial Positions 	, Obstacles Positions 	
"[34, 11, 84, 103, 92]","[342, 249, 335, 450, 481]","[367, 418, 205, 560, 168, 611, 850, 869, 438, 143, 699, 533, 22, 399, 277, 892, 751, 28, 518, 733, 585, 325, 247, 96, 647, 753, 144, 521, 386, 616, 409, 288, 145, 452, 697, 805]"
"[True, 576, 0.0, array([ 90.14197531,  29.16358025, 222.7037037 , 273.07716049,
       243.91358025]), [34, 11, 84, 103, 92], 324]",172
"[True, 114, 0.0, array([ 34.,  11.,  84., 103.,  92.]), [34, 11, 84, 103, 92], 324]",184
0,1,2,3,4
0,1,2,3,4
Energy 	, Initial Positions 	, Obstacles Positions 	
"[112, 53, 71, 32, 69]","[422, 357, 799, 671, 517]","[123, 502, 509, 649, 403, 563, 106, 365, 775, 209, 770, 81, 327, 162, 275, 821, 488, 32, 794, 825, 630, 804, 452, 113, 285, 329, 691, 379, 476, 800, 444, 478, 295, 328, 764, 822, 662, 635, 199, 512, 419, 676, 250, 271, 395]"
"[True, 535, 0.0, array([282.4925816 , 133.67952522, 179.08011869,  80.71216617,
       174.03560831]), [112, 53, 71, 32, 69], 337]",423
"[True, 0, 0.0, array([112.,  53.,  71.,  32.,  69.]), [112, 53, 71, 32, 69], 337]",429
0,1,2,3,4
0,1,2,3,4
Energy 	, Initial Positions 	, Obstacles Positions 	
"[135, 58, 160, 115, 10]","[342, 249, 335, 450, 481]","[367, 418, 205, 560, 168, 611, 850, 869, 438, 143, 699, 533, 22, 399, 277, 892, 751, 28, 518, 733, 585, 325, 247, 96, 647, 753, 144, 521, 386, 616, 409, 288, 145, 452, 697, 805]"
"[True, 10145, 0.0, array([242.60460251, 104.23012552, 287.53138075, 206.66317992,
        17.9707113 ]), [135, 58, 160, 115, 10], 478]",173
"[True, 12, 0.0, array([135.,  58., 160., 115.,  10.]), [135, 58, 160, 115, 10], 478]",184
0,1,2,3,4
0,1,2,3,4
Energy 	, Initial Positions 	, Obstacles Positions 	
"[62, 9, 106, 42, 14]","[831, 620, 495, 729, 349]","[787, 826, 441, 6, 341, 513, 300, 671, 880, 285, 526, 239, 340, 576, 357, 435, 653, 442, 190, 369, 371, 329, 745, 449, 577, 63, 872]"
"[True, 63070, 0.0, array([230.96995708,  33.527897  , 394.88412017, 156.46351931,
        52.15450644]), [62, 9, 106, 42, 14], 233]",435
"[True, 0, 0.0, array([ 62.,   9., 106.,  42.,  14.]), [62, 9, 106, 42, 14], 233]",440
0,1,2,3,4
0,1,2,3,4
Energy 	, Initial Positions 	, Obstacles Positions 	
"[46, 119, 134, 178, 114]","[342, 249, 335, 450, 481]","[367, 418, 205, 560, 168, 611, 850, 869, 438, 143, 699, 533, 22, 399, 277, 892, 751, 28, 518, 733, 585, 325, 247, 96, 647, 753, 144, 521, 386, 616, 409, 288, 145, 452, 697, 805]"
"[True, 239, 0.0, array([ 66.85956007, 172.96277496, 194.76480541, 258.71742809,
       165.69543147]), [46, 119, 134, 178, 114], 591]",187
"[True, 140, 0.0, array([ 46., 119., 134., 178., 114.]), [46, 119, 134, 178, 114], 591]",214
0,1,2,3,4
0,1,2,3,4
Energy 	, Initial Positions 	, Obstacles Positions 	
"[144, 61, 166, 137, 120]","[250, 730, 816, 743, 808]","[316, 280, 630, 597, 745, 810, 617, 27, 105, 655, 291, 669, 472, 682, 896, 30, 234, 699, 819, 204, 176, 625, 518, 530, 106, 465, 634, 888, 152, 85, 482, 254, 771, 554, 300, 705, 126, 73, 640, 190, 308, 18, 401, 466, 33, 878, 64, 772, 686, 714, 76, 124, 608, 629]"
"[True, 197, 0.0, array([192.84076433,  81.68949045, 222.30254777, 183.46656051,
       160.70063694]), [144, 61, 166, 137, 120], 628]",553
"[True, 9, 0.0, array([144.,  61., 166., 137., 120.]), [144, 61, 166, 137, 120], 628]",551
0,1,2,3,4
0,1,2,3,4
Energy 	, Initial Positions 	, Obstacles Positions 	
"[62, 139, 171, 12, 106]","[445, 815, 714, 230, 853]","[105, 790, 506, 443, 603, 361, 79, 720, 586, 863, 804, 312, 236, 345, 335, 799, 55, 716, 160, 516, 448, 307, 471, 238, 871, 592, 541]"
"[True, 302, 0.0, array([109.82857143, 246.22857143, 302.91428571,  21.25714286,
       187.77142857]), [62, 139, 171, 12, 106], 490]",218
"[True, 16, 0.0, array([ 62., 139., 171.,  12., 106.]), [62, 139, 171, 12, 106], 490]",218
0,1,2,3,4
0,1,2,3,4
Energy 	, Initial Positions 	, Obstacles Positions 	
"[177, 152, 87, 173, 166]","[52, 159, 552, 646, 632]","[503, 414, 269, 642, 25, 21, 29, 559, 33, 524, 167, 662, 243, 14, 594, 327, 436, 759, 499, 717, 476, 787, 779, 307, 566, 416, 850, 561, 801, 128, 494, 780, 440, 336, 703, 371, 844, 687, 220, 568, 374, 672, 460, 862, 16]"
"[True, 170, 0.0, array([199.27152318, 171.12582781,  97.94701987, 194.76821192,
       186.88741722]), [177, 152, 87, 173, 166], 755]",289
"[True, 20, 0.0, array([177., 152.,  87., 173., 166.]), [177, 152, 87, 173, 166], 755]",286
0,1,2,3,4
0,1,2,3,4
Energy 	, Initial Positions 	, Obstacles Positions 	
"[114, 20, 81, 37, 59]","[300, 91, 844, 519, 398]","[582, 751, 494, 603, 515, 15, 677, 188, 492, 712, 653, 130, 612, 507, 156, 32, 846, 89, 350, 37, 725, 803, 774, 651, 111, 451, 684, 114, 401, 128, 75, 47, 353, 211, 874, 546, 342, 783, 384, 49, 879, 858, 551, 446, 303, 345, 644, 889, 206, 666, 543, 232, 397, 851]"
E,R,R,O,R, ,:, ,E,N,E,R,G,Y, ,D,O,E,S, ,N,O,T, ,F,I,T, ,A,S,S,I,G,N,M,E,N,T
E,R,R,O,R, ,:, ,E,N,E,R,G,Y, ,D,O,E,S, ,N,O,T, ,F,I,T, ,A,S,S,I,G,N,M,E,N,T
"[False, 40001, -1, [114, 20, 81, 37, 59], [(10, 0), (3, 1), (28, 4), (17, 9), (13, 8)], [(19, 12), (25, 1), (16, 14), (20, 3), (17, 5), (0, 15), (22, 17), (6, 8), (16, 12), (23, 22), (21, 23), (4, 10), (20, 12), (16, 27), (5, 6), (1, 2), (28, 6), (2, 29), (11, 20), (1, 7), (24, 5), (26, 23), (25, 24), (21, 21), (3, 21), (15, 1), (22, 24), (3, 24), (13, 11), (4, 8), (2, 15), (1, 17), (11, 23), (7, 1), (29, 4), (18, 6), (11, 12), (26, 3), (12, 24), (1, 19), (29, 9), (28, 18), (18, 11), (14, 26), (10, 3), (11, 15), (21, 14), (29, 19), (6, 26), (22, 6), (18, 3), (7, 22), (13, 7), (28, 11)], array([308.27652733,  54.08360129, 219.03858521, 100.05466238,
       159.54662379])]",0
"[True, 9, 0.0, array([114.,  20.,  81.,  37.,  59.]), [114, 20, 81, 37, 59], 311]",154
0,1,2,3,4
Energy 	, Initial Positions 	, Obstacles Positions 	
"[17, 83, 23, 24, 84]","[445, 815, 714, 230, 853]","[105, 790, 506, 443, 603, 361, 79, 720, 586, 863, 804, 312, 236, 345, 335, 799, 55, 716, 160, 516, 448, 307, 471, 238, 871, 592, 541]"
"[True, 1479, 0.0, array([ 63.87878788, 311.87878788,  86.42424242,  90.18181818,
       315.63636364]), [17, 83, 23, 24, 84], 231]",187
"[True, 0, 0.0, array([17., 83., 23., 24., 84.]), [17, 83, 23, 24, 84], 231]",187
0,1,2,3,4
0,1,2,3,4
Energy 	, Initial Positions 	, Obstacles Positions 	
"[81, 45, 111, 149, 69]","[342, 249, 335, 450, 481]","[367, 418, 205, 560, 168, 611, 850, 869, 438, 143, 699, 533, 22, 399, 277, 892, 751, 28, 518, 733, 585, 325, 247, 96, 647, 753, 144, 521, 386, 616, 409, 288, 145, 452, 697, 805]"
"[True, 236, 0.0, array([152.92087912,  84.95604396, 209.55824176, 281.2989011 ,
       130.26593407]), [81, 45, 111, 149, 69], 455]",175
"[True, 144, 0.0, array([ 81.,  45., 111., 149.,  69.]), [81, 45, 111, 149, 69], 455]",190
0,1,2,3,4
0,1,2,3,4
Energy 	, Initial Positions 	, Obstacles Positions 	
"[38, 7, 148, 14, 156]","[603, 47, 113, 677, 807]","[305, 593, 493, 433, 834, 413, 464, 743, 535, 165, 411, 11, 130, 454, 77, 607, 605, 301, 846, 841, 84, 515, 399, 701, 91, 436, 707]"
"[True, 3334, 0.0, array([ 90.86501377,  16.73829201, 353.8953168 ,  33.47658402,
       373.02479339]), [38, 7, 148, 14, 156], 363]",591
"[True, 7, 0.0, array([ 38.,   7., 148.,  14., 156.]), [38, 7, 148, 14, 156], 363]",598
0,1,2,3,4
0,1,2,3,4
Energy 	, Initial Positions 	, Obstacles Positions 	
"[60, 150, 122, 48, 164]","[75, 520, 716, 312, 474]","[542, 212, 805, 158, 500, 833, 626, 752, 569, 341, 459, 769, 636, 73, 353, 44, 452, 847, 540, 845, 688, 26, 262, 882, 362, 835, 155]"
"[True, 101, 0.0, array([ 95.73529412, 239.33823529, 194.66176471,  76.58823529,
       261.67647059]), [60, 150, 122, 48, 164], 544]",422
"[True, 1, 0.0, array([ 60., 150., 122.,  48., 164.]), [60, 150, 122, 48, 164], 544]",432
0,1,2,3,4
0,1,2,3,4
Energy 	, Initial Positions 	, Obstacles Positions 	
"[135, 14, 101, 56, 93]","[630, 43, 716, 97, 181]","[472, 792, 526, 839, 702, 590, 83, 681, 72, 157, 321, 521, 667, 645, 48, 477, 239, 177, 119, 632, 395, 476, 172, 30, 369, 837, 65, 535, 55, 392, 272, 585, 222, 757, 372, 639, 182, 274, 817, 391, 819, 296, 50, 188, 201, 132, 304, 774, 257, 412, 531, 73, 374, 178]"
E,R,R,O,R, ,:, ,E,N,E,R,G,Y, ,D,O,E,S, ,N,O,T, ,F,I,T, ,A,S,S,I,G,N,M,E,N,T
E,R,R,O,R, ,:, ,E,N,E,R,G,Y, ,D,O,E,S, ,N,O,T, ,F,I,T, ,A,S,S,I,G,N,M,E,N,T
"[False, 40001, -1, [135, 14, 101, 56, 93], [(21, 0), (1, 13), (23, 26), (3, 7), (6, 1)], [(15, 22), (26, 12), (17, 16), (27, 29), (23, 12), (19, 20), (2, 23), (22, 21), (2, 12), (5, 7), (10, 21), (17, 11), (22, 7), (21, 15), (1, 18), (15, 27), (7, 29), (5, 27), (3, 29), (21, 2), (13, 5), (15, 26), (5, 22), (1, 0), (12, 9), (27, 27), (2, 5), (17, 25), (1, 25), (13, 2), (9, 2), (19, 15), (7, 12), (25, 7), (12, 12), (21, 9), (6, 2), (9, 4), (27, 7), (13, 1), (27, 9), (9, 26), (1, 20), (6, 8), (6, 21), (4, 12), (10, 4), (25, 24), (8, 17), (13, 22), (17, 21), (2, 13), (12, 14), (5, 28)], array([284.54887218,  29.50877193, 212.88471178, 118.03508772,
       196.02255639])]",0
"[True, 16, 0.0, array([135.,  14., 101.,  56.,  93.]), [135, 14, 101, 56, 93], 399]",326
0,1,2,3,4
Energy 	, Initial Positions 	, Obstacles Positions 	
"[30, 57, 151, 177, 115]","[52, 159, 552, 646, 632]","[503, 414, 269, 642, 25, 21, 29, 559, 33, 524, 167, 662, 243, 14, 594, 327, 436, 759, 499, 717, 476, 787, 779, 307, 566, 416, 850, 561, 801, 128, 494, 780, 440, 336, 703, 371, 844, 687, 220, 568, 374, 672, 460, 862, 16]"
"[True, 2735, 0.0, array([ 48.11320755,  91.41509434, 242.16981132, 283.86792453,
       184.43396226]), [30, 57, 151, 177, 115], 530]",307
"[True, 8, 0.0, array([ 30.,  57., 151., 177., 115.]), [30, 57, 151, 177, 115], 530]",309
0,1,2,3,4
0,1,2,3,4
Energy 	, Initial Positions 	, Obstacles Positions 	
"[156, 54, 131, 31, 175]","[828, 476, 707, 151, 570]","[319, 638, 774, 879, 842, 798, 634, 537, 36, 575, 303, 295, 514, 30, 23, 91, 486, 380, 850, 848, 69, 41, 40, 225, 761, 518, 443, 194, 129, 251, 279, 859, 33, 376, 755, 630, 872, 360, 580, 699, 725, 142, 154, 147, 362]"
"[True, 476, 0.0, array([242.41316271,  83.91224863, 203.56489945,  48.17184644,
       271.93784278]), [156, 54, 131, 31, 175], 547]",457
"[True, 19, 0.0, array([156.,  54., 131.,  31., 175.]), [156, 54, 131, 31, 175], 547]",457
0,1,2,3,4
0,1,2,3,4
Energy 	, Initial Positions 	, Obstacles Positions 	
"[104, 80, 134, 132, 9]","[349, 391, 471, 64, 619]","[787, 665, 147, 202, 655, 131, 325, 618, 209, 161, 605, 271, 34, 162, 488, 828, 155, 580, 764, 368, 752, 456, 362, 70, 704, 393, 609, 121, 465, 337, 399, 829, 417, 334, 868, 865, 37, 317, 11, 304, 731, 457, 673, 239, 658]"
"[True, 589, 0.0, array([192.59259259, 148.14814815, 248.14814815, 244.44444444,
        16.66666667]), [104, 80, 134, 132, 9], 459]",443
"[True, 4, 0.0, array([104.,  80., 134., 132.,   9.]), [104, 80, 134, 132, 9], 459]",450
0,1,2,3,4
0,1,2,3,4
Energy 	, Initial Positions 	, Obstacles Positions 	
"[88, 161, 107, 77, 9]","[766, 757, 441, 26, 37]","[419, 890, 287, 370, 123, 794, 32, 6, 463, 40, 798, 283, 196, 244, 692, 893, 501, 98, 522, 187, 324, 267, 66, 673, 39, 633, 390, 562, 626, 859, 221, 592, 672, 550, 36, 780, 881, 88, 238, 435, 95, 540, 468, 263, 831, 632, 803, 355, 848, 496, 63, 509, 861, 16]"
E,R,R,O,R, ,:, ,E,N,E,R,G,Y, ,D,O,E,S, ,N,O,T, ,F,I,T, ,A,S,S,I,G,N,M,E,N,T
E,R,R,O,R, ,:, ,E,N,E,R,G,Y, ,D,O,E,S, ,N,O,T, ,F,I,T, ,A,S,S,I,G,N,M,E,N,T
"[False, 40001, -1, [88, 161, 107, 77, 9], [(25, 16), (25, 7), (14, 21), (0, 26), (1, 7)], [(13, 29), (29, 20), (9, 17), (12, 10), (4, 3), (26, 14), (1, 2), (0, 6), (15, 13), (1, 10), (26, 18), (9, 13), (6, 16), (8, 4), (23, 2), (29, 23), (16, 21), (3, 8), (17, 12), (6, 7), (10, 24), (8, 27), (2, 6), (22, 13), (1, 9), (21, 3), (13, 0), (18, 22), (20, 26), (28, 19), (7, 11), (19, 22), (22, 12), (18, 10), (1, 6), (26, 0), (29, 11), (2, 28), (7, 28), (14, 15), (3, 5), (18, 0), (15, 18), (8, 23), (27, 21), (21, 2), (26, 23), (11, 25), (28, 8), (16, 16), (2, 3), (16, 29), (28, 21), (0, 16)], array([167.43891403, 306.33710407, 203.59049774, 146.50904977,
        17.12443439])]",0
"[True, 0, 0.0, array([ 88., 161., 107.,  77.,   9.]), [88, 161, 107, 77, 9], 442]",321
0,1,2,3,4
Energy 	, Initial Positions 	, Obstacles Positions 	
"[45, 56, 88, 149, 39]","[342, 249, 335, 450, 481]","[367, 418, 205, 560, 168, 611, 850, 869, 438, 143, 699, 533, 22, 399, 277, 892, 751, 28, 518, 733, 585, 325, 247, 96, 647, 753, 144, 521, 386, 616, 409, 288, 145, 452, 697, 805]"
"[True, 581, 0.0, array([102.5331565 , 127.59681698, 200.50928382, 339.49867374,
        88.86206897]), [45, 56, 88, 149, 39], 377]",168
"[True, 118, 0.0, array([ 45.,  56.,  88., 149.,  39.]), [45, 56, 88, 149, 39], 377]",216
0,1,2,3,4
0,1,2,3,4
Energy 	, Initial Positions 	, Obstacles Positions 	
"[91, 114, 59, 73, 177]","[98, 243, 265, 657, 48]","[520, 375, 252, 713, 886, 476, 856, 851, 415, 187, 420, 50, 122, 239, 255, 892, 226, 82, 281, 432, 872, 636, 192, 196, 103, 788, 3, 64, 305, 581, 816, 535, 424, 352, 831, 24]"
"[True, 493, 0.0, array([152.07976654, 190.51750973,  98.60116732, 121.99805447,
       295.80350195]), [91, 114, 59, 73, 177], 514]",173
"[True, 8, 0.0, array([ 91., 114.,  59.,  73., 177.]), [91, 114, 59, 73, 177], 514]",176
0,1,2,3,4
0,1,2,3,4
Energy 	, Initial Positions 	, Obstacles Positions 	
"[29, 102, 145, 93, 180]","[828, 476, 707, 151, 570]","[319, 638, 774, 879, 842, 798, 634, 537, 36, 575, 303, 295, 514, 30, 23, 91, 486, 380, 850, 848, 69, 41, 40, 225, 761, 518, 443, 194, 129, 251, 279, 859, 33, 376, 755, 630, 872, 360, 580, 699, 725, 142, 154, 147, 362]"
"[True, 215, 0.0, array([ 44.89981785, 157.92349727, 224.49908925, 143.98907104,
       278.68852459]), [29, 102, 145, 93, 180], 549]",452
"[True, 8, 0.0, array([ 29., 102., 145.,  93., 180.]), [29, 102, 145, 93, 180], 549]",463
0,1,2,3,4
0,1,2,3,4
Energy 	, Initial Positions 	, Obstacles Positions 	
"[141, 129, 141, 65, 21]","[828, 476, 707, 151, 570]","[319, 638, 774, 879, 842, 798, 634, 537, 36, 575, 303, 295, 514, 30, 23, 91, 486, 380, 850, 848, 69, 41, 40, 225, 761, 518, 443, 194, 129, 251, 279, 859, 33, 376, 755, 630, 872, 360, 580, 699, 725, 142, 154, 147, 362]"
"[True, 3753, 0.0, array([241.14688129, 220.62374245, 241.14688129, 111.16700201,
        35.91549296]), [141, 129, 141, 65, 21], 497]",462
"[True, 15, 0.0, array([141., 129., 141.,  65.,  21.]), [141, 129, 141, 65, 21], 497]",458
0,1,2,3,4
0,1,2,3,4
Energy 	, Initial Positions 	, Obstacles Positions 	
"[15, 26, 39, 48, 47]","[637, 813, 439, 39, 558]","[108, 196, 83, 429, 125, 473, 771, 157, 602, 269, 309, 746, 273, 640, 856, 764, 319, 505, 482, 79, 102, 356, 399, 306, 749, 569, 494, 788, 57, 825, 893, 763, 307, 263, 599, 589, 90, 127, 409, 654, 839, 62, 452, 338, 613, 526, 247, 172, 193, 53, 424, 595, 325, 135]"
"[True, 849, 0.0, array([ 72.08571429, 124.94857143, 187.42285714, 230.67428571,
       225.86857143]), [15, 26, 39, 48, 47], 175]",450
"[True, 0, 0.0, array([15., 26., 39., 48., 47.]), [15, 26, 39, 48, 47], 175]",452
0,1,2,3,4
0,1,2,3,4
Energy 	, Initial Positions 	, Obstacles Positions 	
"[142, 59, 73, 90, 158]","[342, 249, 335, 450, 481]","[367, 418, 205, 560, 168, 611, 850, 869, 438, 143, 699, 533, 22, 399, 277, 892, 751, 28, 518, 733, 585, 325, 247, 96, 647, 753, 144, 521, 386, 616, 409, 288, 145, 452, 697, 805]"
"[True, 1209, 0.0, array([233.6743295 ,  97.09003831, 120.12835249, 148.10344828,
       260.00383142]), [142, 59, 73, 90, 158], 522]",185
"[True, 115, 0.0, array([142.,  59.,  73.,  90., 158.]), [142, 59, 73, 90, 158], 522]",186
0,1,2,3,4
0,1,2,3,4
Energy 	, Initial Positions 	, Obstacles Positions 	
"[134, 70, 99, 91, 92]","[623, 367, 166, 580, 138]","[862, 534, 549, 459, 399, 742, 595, 348, 154, 599, 574, 803, 358, 817, 376, 84, 895, 804, 67, 775, 390, 360, 277, 492, 851, 400, 527, 735, 776, 168, 503, 83, 604, 893, 504, 543, 565, 799, 537, 224, 708, 640, 363, 425, 482, 644, 181, 635, 340, 823, 700, 33, 831, 371]"
"[True, 1067, 0.0, array([231.88065844, 121.13168724, 171.31481481, 157.47119342,
       159.20164609]), [134, 70, 99, 91, 92], 486]",419
"[True, 0, 0.0, array([134.,  70.,  99.,  91.,  92.]), [134, 70, 99, 91, 92], 486]",430
0,1,2,3,4
0,1,2,3,4
Energy 	, Initial Positions 	, Obstacles Positions 	
"[34, 79, 65, 159, 130]","[342, 249, 335, 450, 481]","[367, 418, 205, 560, 168, 611, 850, 869, 438, 143, 699, 533, 22, 399, 277, 892, 751, 28, 518, 733, 585, 325, 247, 96, 647, 753, 144, 521, 386, 616, 409, 288, 145, 452, 697, 805]"
"[True, 673, 0.0, array([ 62.53961456, 145.31263383, 119.56102784, 292.46466809,
       239.12205567]), [34, 79, 65, 159, 130], 467]",180
"[True, 793, 0.0, array([ 34.,  79.,  65., 159., 130.]), [34, 79, 65, 159, 130], 467]",216
0,1,2,3,4
0,1,2,3,4
Energy 	, Initial Positions 	, Obstacles Positions 	
"[39, 153, 146, 31, 87]","[76, 663, 804, 619, 291]","[135, 330, 710, 256, 894, 277, 164, 353, 406, 337, 601, 15, 738, 367, 730, 553, 648, 845, 649, 16, 870, 786, 734, 477, 667, 465, 823, 855, 476, 318, 749, 563, 28, 622, 530, 404, 839, 278, 323, 31, 39, 248, 515, 377, 789]"
"[True, 21875, 0.0, array([ 72.69736842, 285.19736842, 272.14912281,  57.78508772,
       162.17105263]), [39, 153, 146, 31, 87], 456]",417
"[True, 9, 0.0, array([ 39., 153., 146.,  31.,  87.]), [39, 153, 146, 31, 87], 456]",418
0,1,2,3,4
0,1,2,3,4
Energy 	, Initial Positions 	, Obstacles Positions 	
"[15, 109, 23, 102, 42]","[445, 815, 714, 230, 853]","[105, 790, 506, 443, 603, 361, 79, 720, 586, 863, 804, 312, 236, 345, 335, 799, 55, 716, 160, 516, 448, 307, 471, 238, 871, 592, 541]"
"[True, 4178, 0.0, array([ 44.74226804, 325.12714777,  68.604811  , 304.24742268,
       125.27835052]), [15, 109, 23, 102, 42], 291]",187
"[True, 0, 0.0, array([ 15., 109.,  23., 102.,  42.]), [15, 109, 23, 102, 42], 291]",197
0,1,2,3,4
0,1,2,3,4
Energy 	, Initial Positions 	, Obstacles Positions 	
"[37, 92, 34, 162, 155]","[342, 249, 335, 450, 481]","[367, 418, 205, 560, 168, 611, 850, 869, 438, 143, 699, 533, 22, 399, 277, 892, 751, 28, 518, 733, 585, 325, 247, 96, 647, 753, 144, 521, 386, 616, 409, 288, 145, 452, 697, 805]"
"[True, 197, 0.0, array([ 66.21458333, 164.64166667,  60.84583333, 289.9125    ,
       277.38541667]), [37, 92, 34, 162, 155], 480]",170
"[True, 170, 0.0, array([ 37.,  92.,  34., 162., 155.]), [37, 92, 34, 162, 155], 480]",176
0,1,2,3,4
0,1,2,3,4
Energy 	, Initial Positions 	, Obstacles Positions 	
"[101, 24, 151, 145, 62]","[848, 122, 723, 752, 535]","[362, 252, 302, 516, 165, 230, 738, 38, 146, 373, 298, 264, 708, 269, 364, 297, 36, 796, 670, 732, 124, 422, 782, 126, 713, 296, 294]"
"[True, 6025, 0.0, array([181.50724638,  43.13043478, 271.36231884, 260.57971014,
       111.42028986]), [101, 24, 151, 145, 62], 483]",414
"[True, 303, 0.0, array([101.,  24., 151., 145.,  62.]), [101, 24, 151, 145, 62], 483]",412
0,1,2,3,4
0,1,2,3,4
Energy 	, Initial Positions 	, Obstacles Positions 	
"[149, 25, 73, 98, 80]","[588, 735, 542, 844, 671]","[528, 2, 365, 784, 359, 573, 739, 401, 383, 306, 679, 613, 261, 384, 51, 371, 620, 133, 616, 255, 678, 627, 544, 18, 222, 738, 766, 274, 493, 150, 446, 183, 777, 779, 753, 726, 237, 698, 38, 21, 806, 350, 860, 265, 398, 404, 33, 550, 848, 632, 526, 797, 845, 396]"
"[True, 533, 0.0, array([294.84470588,  49.47058824, 144.45411765, 193.92470588,
       158.30588235]), [149, 25, 73, 98, 80], 425]",455
"[True, 46, 0.0, array([149.,  25.,  73.,  98.,  80.]), [149, 25, 73, 98, 80], 425]",450
0,1,2,3,4
0,1,2,3,4
Energy 	, Initial Positions 	, Obstacles Positions 	
"[149, 141, 34, 122, 75]","[511, 618, 315, 297, 837]","[797, 337, 323, 738, 56, 841, 33, 14, 167, 223, 166, 578, 547, 312, 98, 385, 254, 73, 581, 892, 600, 806, 496, 769, 756, 742, 654, 861, 335, 784, 222, 410, 480, 11, 378, 201, 164, 835, 314, 358, 415, 322, 397, 764, 678]"
"[True, 66917, 0.0, array([243.09021113, 230.03838772,  55.47024952, 199.0403071 ,
       122.36084453]), [149, 141, 34, 122, 75], 521]",331
"[True, 0, 0.0, array([149., 141.,  34., 122.,  75.]), [149, 141, 34, 122, 75], 521]",331
0,1,2,3,4
0,1,2,3,4
Energy 	, Initial Positions 	, Obstacles Positions 	
"[32, 16, 80, 8, 162]","[342, 249, 335, 450, 481]","[367, 418, 205, 560, 168, 611, 850, 869, 438, 143, 699, 533, 22, 399, 277, 892, 751, 28, 518, 733, 585, 325, 247, 96, 647, 753, 144, 521, 386, 616, 409, 288, 145, 452, 697, 805]"
"[True, 60464, 0.0, array([ 92.24161074,  46.12080537, 230.60402685,  23.06040268,
       466.97315436]), [32, 16, 80, 8, 162], 298]",165
"[True, 1, 0.0, array([ 32.,  16.,  80.,   8., 162.]), [32, 16, 80, 8, 162], 298]",203
0,1,2,3,4
0,1,2,3,4
Energy 	, Initial Positions 	, Obstacles Positions 	
"[176, 8, 28, 110, 34]","[630, 43, 716, 97, 181]","[472, 792, 526, 839, 702, 590, 83, 681, 72, 157, 321, 521, 667, 645, 48, 477, 239, 177, 119, 632, 395, 476, 172, 30, 369, 837, 65, 535, 55, 392, 272, 585, 222, 757, 372, 639, 182, 274, 817, 391, 819, 296, 50, 188, 201, 132, 304, 774, 257, 412, 531, 73, 374, 178]"
"[True, 2132, 0.0, array([415.7752809 ,  18.8988764 ,  66.14606742, 259.85955056,
        80.32022472]), [176, 8, 28, 110, 34], 356]",304
"[True, 1, 0.0, array([176.,   8.,  28., 110.,  34.]), [176, 8, 28, 110, 34], 356]",304
0,1,2,3,4
0,1,2,3,4
Energy 	, Initial Positions 	, Obstacles Positions 	
"[15, 53, 66, 155, 112]","[630, 43, 716, 97, 181]","[472, 792, 526, 839, 702, 590, 83, 681, 72, 157, 321, 521, 667, 645, 48, 477, 239, 177, 119, 632, 395, 476, 172, 30, 369, 837, 65, 535, 55, 392, 272, 585, 222, 757, 372, 639, 182, 274, 817, 391, 819, 296, 50, 188, 201, 132, 304, 774, 257, 412, 531, 73, 374, 178]"
"[True, 1004, 0.0, array([ 31.45885287, 111.15461347, 138.41895262, 325.07481297,
       234.89276808]), [15, 53, 66, 155, 112], 401]",300
"[True, 9, 0.0, array([ 15.,  53.,  66., 155., 112.]), [15, 53, 66, 155, 112], 401]",322
0,1,2,3,4
0,1,2,3,4
Energy 	, Initial Positions 	, Obstacles Positions 	
"[46, 34, 120, 47, 179]","[445, 815, 714, 230, 853]","[105, 790, 506, 443, 603, 361, 79, 720, 586, 863, 804, 312, 236, 345, 335, 799, 55, 716, 160, 516, 448, 307, 471, 238, 871, 592, 541]"
"[True, 5508, 0.0, array([ 93.72769953,  69.27699531, 244.50704225,  95.76525822,
       364.72300469]), [46, 34, 120, 47, 179], 426]",214
"[True, 3, 0.0, array([ 46.,  34., 120.,  47., 179.]), [46, 34, 120, 47, 179], 426]",195
0,1,2,3,4
0,1,2,3,4
Energy 	, Initial Positions 	, Obstacles Positions 	
"[66, 45, 31, 116, 101]","[160, 407, 34, 335, 842]","[740, 318, 763, 157, 739, 433, 229, 542, 84, 261, 478, 347, 860, 227, 701, 645, 897, 14, 191, 446, 877, 578, 468, 67, 406, 151, 820, 343, 891, 131, 735, 22, 169, 311, 521, 880, 402, 808, 760, 599, 794, 668, 587, 464, 290]"
"[True, 0, 0.0, array([156.26740947, 106.545961  ,  73.39832869, 274.65181058,
       239.13649025]), [66, 45, 31, 116, 101], 359]",429
"[True, 0, 0.0, array([ 66.,  45.,  31., 116., 101.]), [66, 45, 31, 116, 101], 359]",409
0,1,2,3,4
0,1,2,3,4
Energy 	, Initial Positions 	, Obstacles Positions 	
"[143, 80, 145, 69, 127]","[342, 249, 335, 450, 481]","[367, 418, 205, 560, 168, 611, 850, 869, 438, 143, 699, 533, 22, 399, 277, 892, 751, 28, 518, 733, 585, 325, 247, 96, 647, 753, 144, 521, 386, 616, 409, 288, 145, 452, 697, 805]"
"[True, 194, 0.0, array([217.79609929, 121.84397163, 220.84219858, 105.09042553,
       193.42730496]), [143, 80, 145, 69, 127], 564]",186
"[True, 79, 0.0, array([143.,  80., 145.,  69., 127.]), [143, 80, 145, 69, 127], 564]",213
0,1,2,3,4
0,1,2,3,4
Energy 	, Initial Positions 	, Obstacles Positions 	
"[85, 30, 58, 171, 86]","[815, 709, 195, 783, 375]","[307, 401, 732, 251, 469, 547, 115, 565, 682, 253, 667, 16, 130, 297, 384, 637, 424, 77, 139, 305, 101, 189, 568, 712, 245, 312, 560]"
"[True, 55, 0.0, array([171.58139535,  60.55813953, 117.07906977, 345.18139535,
       173.6       ]), [85, 30, 58, 171, 86], 430]",186
"[True, 21, 0.0, array([ 85.,  30.,  58., 171.,  86.]), [85, 30, 58, 171, 86], 430]",188
0,1,2,3,4
0,1,2,3,4
Energy 	, Initial Positions 	, Obstacles Positions 	
"[15, 11, 7, 80, 157]","[802, 147, 868, 96, 533]","[151, 879, 155, 86, 129, 565, 496, 687, 882, 284, 75, 440, 323, 55, 296, 166, 383, 255, 127, 10, 504, 689, 110, 289, 898, 374, 625, 60, 777, 699, 95, 163, 685, 244, 138, 469]"
"[True, 28828, 0.0, array([ 47.72222222,  34.9962963 ,  22.27037037, 254.51851852,
       499.49259259]), [15, 11, 7, 80, 157], 270]",451
"[True, 0, 0.0, array([ 15.,  11.,   7.,  80., 157.]), [15, 11, 7, 80, 157], 270]",452
0,1,2,3,4
0,1,2,3,4
Energy 	, Initial Positions 	, Obstacles Positions 	
"[86, 120, 105, 85, 107]","[342, 249, 335, 450, 481]","[367, 418, 205, 560, 168, 611, 850, 869, 438, 143, 699, 533, 22, 399, 277, 892, 751, 28, 518, 733, 585, 325, 247, 96, 647, 753, 144, 521, 386, 616, 409, 288, 145, 452, 697, 805]"
"[True, 185, 0.0, array([146.8667992 , 204.9304175 , 179.31411531, 145.15904573,
       182.72962227]), [86, 120, 105, 85, 107], 503]",172
"[True, 84, 0.0, array([ 86., 120., 105.,  85., 107.]), [86, 120, 105, 85, 107], 503]",194
0,1,2,3,4
0,1,2,3,4
Energy 	, Initial Positions 	, Obstacles Positions 	
"[21, 21, 86, 158, 121]","[305, 839, 801, 112, 561]","[111, 353, 319, 822, 34, 504, 363, 491, 393, 765, 379, 527, 512, 176, 601, 100, 704, 94, 262, 746, 732, 672, 609, 479, 399, 663, 255]"
"[True, 1461, 0.0, array([ 44.78624079,  44.78624079, 183.41031941, 336.96314496,
       258.05405405]), [21, 21, 86, 158, 121], 407]",319
"[True, 0, 0.0, array([ 21.,  21.,  86., 158., 121.]), [21, 21, 86, 158, 121], 407]",300
0,1,2,3,4
0,1,2,3,4
Energy 	, Initial Positions 	, Obstacles Positions 	
"[33, 69, 60, 163, 143]","[342, 249, 335, 450, 481]","[367, 418, 205, 560, 168, 611, 850, 869, 438, 143, 699, 533, 22, 399, 277, 892, 751, 28, 518, 733, 585, 325, 247, 96, 647, 753, 144, 521, 386, 616, 409, 288, 145, 452, 697, 805]"
"[True, 6084, 0.0, array([ 60.57051282, 126.6474359 , 110.12820513, 299.18162393,
       262.47222222]), [33, 69, 60, 163, 143], 468]",171
"[True, 5506, 0.0, array([ 33.,  69.,  60., 163., 143.]), [33, 69, 60, 163, 143], 468]",184
0,1,2,3,4
0,1,2,3,4
Energy 	, Initial Positions 	, Obstacles Positions 	
"[125, 174, 96, 71, 51]","[221, 241, 530, 381, 368]","[422, 699, 210, 142, 463, 669, 469, 502, 435, 46, 514, 646, 155, 172, 779, 720, 55, 428, 789, 432, 620, 608, 184, 660, 547, 281, 505, 78, 571, 457, 271, 417, 623, 870, 88, 707]"
"[True, 1369, 0.0, array([207.68858801, 289.10251451, 159.50483559, 117.96711799,
        84.73694391]), [125, 174, 96, 71, 51], 517]",422
"[True, 7, 0.0, array([125., 174.,  96.,  71.,  51.]), [125, 174, 96, 71, 51], 517]",402
0,1,2,3,4
0,1,2,3,4
Energy 	, Initial Positions 	, Obstacles Positions 	
"[143, 58, 83, 55, 68]","[75, 520, 716, 312, 474]","[542, 212, 805, 158, 500, 833, 626, 752, 569, 341, 459, 769, 636, 73, 353, 44, 452, 847, 540, 845, 688, 26, 262, 882, 362, 835, 155]"
"[True, 4687, 0.0, array([304.97297297, 123.6953317 , 177.01228501, 117.2972973 ,
       145.02211302]), [143, 58, 83, 55, 68], 407]",427
"[True, 0, 0.0, array([143.,  58.,  83.,  55.,  68.]), [143, 58, 83, 55, 68], 407]",443
0,1,2,3,4
0,1,2,3,4
Energy 	, Initial Positions 	, Obstacles Positions 	
"[97, 25, 76, 27, 119]","[342, 249, 335, 450, 481]","[367, 418, 205, 560, 168, 611, 850, 869, 438, 143, 699, 533, 22, 399, 277, 892, 751, 28, 518, 733, 585, 325, 247, 96, 647, 753, 144, 521, 386, 616, 409, 288, 145, 452, 697, 805]"
"[True, 348, 0.0, array([242.21802326,  62.42732558, 189.77906977,  67.42151163,
       297.15406977]), [97, 25, 76, 27, 119], 344]",186
"[True, 91, 0.0, array([ 97.,  25.,  76.,  27., 119.]), [97, 25, 76, 27, 119], 344]",172
0,1,2,3,4
0,1,2,3,4
Energy 	, Initial Positions 	, Obstacles Positions 	
"[28, 171, 152, 169, 91]","[729, 4, 362, 720, 594]","[779, 251, 430, 206, 842, 33, 685, 835, 469, 530, 478, 112, 283, 72, 549, 651, 700, 882, 140, 58, 648, 710, 417, 200, 821, 756, 631, 509, 630, 678, 288, 521, 113, 374, 102, 728, 463, 95, 421, 402, 266, 628, 455, 445, 193]"
"[True, 273, 0.0, array([ 38.95253682, 237.88870704, 211.45662848, 235.10638298,
       126.59574468]), [28, 171, 152, 169, 91], 611]",210
"[True, 21, 0.0, array([ 28., 171., 152., 169.,  91.]), [28, 171, 152, 169, 91], 611]",214
0,1,2,3,4
0,1,2,3,4
Energy 	, Initial Positions 	, Obstacles Positions 	
"[63, 104, 83, 15, 88]","[802, 147, 868, 96, 533]","[151, 879, 155, 86, 129, 565, 496, 687, 882, 284, 75, 440, 323, 55, 296, 166, 383, 255, 127, 10, 504, 689, 110, 289, 898, 374, 625, 60, 777, 699, 95, 163, 685, 244, 138, 469]"
"[True, 1293, 0.0, array([153.30594901, 253.07648725, 201.97450425,  36.50141643,
       214.14164306]), [63, 104, 83, 15, 88], 353]",446
"[True, 49, 0.0, array([ 63., 104.,  83.,  15.,  88.]), [63, 104, 83, 15, 88], 353]",450
0,1,2,3,4
0,1,2,3,4
Energy 	, Initial Positions 	, Obstacles Positions 	
"[52, 86, 153, 82, 67]","[93, 277, 167, 818, 809]","[810, 104, 143, 32, 768, 395, 46, 618, 732, 766, 174, 750, 529, 596, 526, 825, 316, 404, 151, 427, 498, 377, 665, 804, 591, 217, 257, 213, 56, 192, 850, 784, 134, 506, 103, 764, 231, 97, 196, 677, 696, 545, 597, 81, 628, 883, 689, 589, 440, 879, 242, 672, 373, 671]"
"[True, 6615, 0.0, array([ 99.39090909, 164.37727273, 292.43863636, 156.73181818,
       128.06136364]), [52, 86, 153, 82, 67], 440]",588
"[True, 0, 0.0, array([ 52.,  86., 153.,  82.,  67.]), [52, 86, 153, 82, 67], 440]",590
0,1,2,3,4
0,1,2,3,4
Energy 	, Initial Positions 	, Obstacles Positions 	
"[90, 30, 144, 161, 153]","[342, 249, 335, 450, 481]","[367, 418, 205, 560, 168, 611, 850, 869, 438, 143, 699, 533, 22, 399, 277, 892, 751, 28, 518, 733, 585, 325, 247, 96, 647, 753, 144, 521, 386, 616, 409, 288, 145, 452, 697, 805]"
"[True, 320, 0.0, array([133.75432526,  44.58477509, 214.00692042, 239.2716263 ,
       227.38235294]), [90, 30, 144, 161, 153], 578]",192
"[True, 202, 0.0, array([ 90.,  30., 144., 161., 153.]), [90, 30, 144, 161, 153], 578]",189
0,1,2,3,4
0,1,2,3,4
Energy 	, Initial Positions 	, Obstacles Positions 	
"[157, 28, 67, 61, 10]","[291, 8, 600, 664, 871]","[790, 433, 621, 660, 784, 593, 139, 810, 414, 213, 505, 76, 112, 704, 1, 568, 51, 825, 172, 800, 176, 388, 362, 42, 511, 203, 619, 712, 557, 753, 897, 544, 774, 768, 579, 522, 407, 716, 55, 448, 216, 201, 318, 468, 696]"
E,R,R,O,R, ,:, ,E,N,E,R,G,Y, ,D,O,E,S, ,N,O,T, ,F,I,T, ,A,S,S,I,G,N,M,E,N,T
E,R,R,O,R, ,:, ,E,N,E,R,G,Y, ,D,O,E,S, ,N,O,T, ,F,I,T, ,A,S,S,I,G,N,M,E,N,T
"[False, 40001, -1, [157, 28, 67, 61, 10], [(9, 21), (0, 8), (20, 0), (22, 4), (29, 1)], [(26, 10), (14, 13), (20, 21), (22, 0), (26, 4), (19, 23), (4, 19), (27, 0), (13, 24), (7, 3), (16, 25), (2, 16), (3, 22), (23, 14), (0, 1), (18, 28), (1, 21), (27, 15), (5, 22), (26, 20), (5, 26), (12, 28), (12, 2), (1, 12), (17, 1), (6, 23), (20, 19), (23, 22), (18, 17), (25, 3), (29, 27), (18, 4), (25, 24), (25, 18), (19, 9), (17, 12), (13, 17), (23, 26), (1, 25), (14, 28), (7, 6), (6, 21), (10, 18), (15, 18), (23, 6)], array([413.15789474,  73.68421053, 176.31578947, 160.52631579,
        26.31578947])]",0
"[True, 1, 0.0, array([157.,  28.,  67.,  61.,  10.]), [157, 28, 67, 61, 10], 323]",571
0,1,2,3,4
Energy 	, Initial Positions 	, Obstacles Positions 	
"[67, 107, 23, 73, 146]","[630, 43, 716, 97, 181]","[472, 792, 526, 839, 702, 590, 83, 681, 72, 157, 321, 521, 667, 645, 48, 477, 239, 177, 119, 632, 395, 476, 172, 30, 369, 837, 65, 535, 55, 392, 272, 585, 222, 757, 372, 639, 182, 274, 817, 391, 819, 296, 50, 188, 201, 132, 304, 774, 257, 412, 531, 73, 374, 178]"
"[True, 758, 0.0, array([135.44951923, 216.31490385,  46.49759615, 147.57932692,
       295.15865385]), [67, 107, 23, 73, 146], 416]",302
"[True, 10, 0.0, array([ 67., 107.,  23.,  73., 146.]), [67, 107, 23, 73, 146], 416]",314
0,1,2,3,4
0,1,2,3,4
Energy 	, Initial Positions 	, Obstacles Positions 	
"[23, 24, 10, 167, 7]","[36, 77, 428, 623, 6]","[519, 436, 438, 234, 93, 161, 318, 477, 590, 250, 323, 803, 817, 384, 581, 473, 653, 380, 681, 406, 545, 715, 802, 608, 686, 845, 217, 381, 35, 756, 263, 521, 2, 193, 530, 215, 124, 567, 346, 555, 196, 849, 39, 821, 322]"
"[True, 166, 0.0, array([ 84.63203463,  88.31168831,  36.7965368 , 614.5021645 ,
        25.75757576]), [23, 24, 10, 167, 7], 231]",294
"[True, 0, 0.0, array([ 23.,  24.,  10., 167.,   7.]), [23, 24, 10, 167, 7], 231]",300
0,1,2,3,4
0,1,2,3,4
Energy 	, Initial Positions 	, Obstacles Positions 	
"[79, 96, 131, 125, 44]","[342, 249, 335, 450, 481]","[367, 418, 205, 560, 168, 611, 850, 869, 438, 143, 699, 533, 22, 399, 277, 892, 751, 28, 518, 733, 585, 325, 247, 96, 647, 753, 144, 521, 386, 616, 409, 288, 145, 452, 697, 805]"
"[True, 407, 0.0, array([142.86526316, 173.60842105, 236.90315789, 226.05263158,
        79.57052632]), [79, 96, 131, 125, 44], 475]",177
"[True, 103, 0.0, array([ 79.,  96., 131., 125.,  44.]), [79, 96, 131, 125, 44], 475]",209
0,1,2,3,4
0,1,2,3,4
Energy 	, Initial Positions 	, Obstacles Positions 	
"[30, 133, 88, 24, 135]","[618, 189, 492, 601, 888]","[448, 439, 480, 518, 144, 204, 96, 643, 292, 66, 539, 659, 892, 260, 854, 666, 239, 834, 11, 387, 657, 451, 197, 693, 373, 619, 755, 376, 738, 699, 824, 20, 483, 554, 569, 640, 70, 437, 111, 545, 261, 360, 234, 731, 320]"
"[True, 6982, 0.0, array([ 62.19512195, 275.73170732, 182.43902439,  49.75609756,
       279.87804878]), [30, 133, 88, 24, 135], 410]",302
"[True, 4, 0.0, array([ 30., 133.,  88.,  24., 135.]), [30, 133, 88, 24, 135], 410]",302
0,1,2,3,4
0,1,2,3,4
Energy 	, Initial Positions 	, Obstacles Positions 	
"[175, 49, 50, 43, 41]","[766, 757, 441, 26, 37]","[419, 890, 287, 370, 123, 794, 32, 6, 463, 40, 798, 283, 196, 244, 692, 893, 501, 98, 522, 187, 324, 267, 66, 673, 39, 633, 390, 562, 626, 859, 221, 592, 672, 550, 36, 780, 881, 88, 238, 435, 95, 540, 468, 263, 831, 632, 803, 355, 848, 496, 63, 509, 861, 16]"
"[True, 28321, 0.0, array([411.10335196, 115.10893855, 117.45810056, 101.01396648,
        96.31564246]), [175, 49, 50, 43, 41], 358]",312
"[True, 2, 0.0, array([175.,  49.,  50.,  43.,  41.]), [175, 49, 50, 43, 41], 358]",303
0,1,2,3,4
0,1,2,3,4
Energy 	, Initial Positions 	, Obstacles Positions 	
"[86, 83, 32, 136, 159]","[125, 486, 209, 809, 172]","[519, 751, 303, 782, 710, 833, 199, 524, 160, 278, 778, 264, 826, 39, 547, 365, 232, 376, 554, 307, 446, 11, 722, 22, 295, 276, 114, 620, 738, 225, 716, 96, 152, 758, 292, 1, 315, 69, 797, 175, 757, 508, 403, 475, 35, 308, 700, 662, 256, 45, 732, 760, 290, 590]"
"[True, 21574, 0.0, array([145.81854839, 140.73185484,  54.25806452, 230.59677419,
       269.59475806]), [86, 83, 32, 136, 159], 496]",404
"[True, 0, 0.0, array([ 86.,  83.,  32., 136., 159.]), [86, 83, 32, 136, 159], 496]",417
0,1,2,3,4
0,1,2,3,4
Energy 	, Initial Positions 	, Obstacles Positions 	
"[80, 37, 57, 41, 144]","[342, 249, 335, 450, 481]","[367, 418, 205, 560, 168, 611, 850, 869, 438, 143, 699, 533, 22, 399, 277, 892, 751, 28, 518, 733, 585, 325, 247, 96, 647, 753, 144, 521, 386, 616, 409, 288, 145, 452, 697, 805]"
"[True, 166, 0.0, array([191.42061281,  88.53203343, 136.38718663,  98.10306407,
       344.55710306]), [80, 37, 57, 41, 144], 359]",187
"[True, 109, 0.0, array([ 80.,  37.,  57.,  41., 144.]), [80, 37, 57, 41, 144], 359]",207
0,1,2,3,4
0,1,2,3,4
Energy 	, Initial Positions 	, Obstacles Positions 	
"[13, 85, 164, 177, 146]","[428, 761, 149, 247, 888]","[373, 63, 604, 742, 138, 300, 808, 537, 292, 608, 266, 821, 545, 863, 894, 106, 836, 86, 753, 125, 84, 592, 249, 219, 767, 180, 593, 259, 677, 463, 516, 142, 820, 328, 198, 834, 617, 293, 242, 538, 174, 473, 15, 148, 10, 88, 379, 776, 773, 375, 486, 550, 845, 270]"
"[True, 732, 0.0, array([ 18.68888889, 122.1965812 , 235.76752137, 254.45641026,
       209.89059829]), [13, 85, 164, 177, 146], 585]",533
"[True, 0, 0.0, array([ 13.,  85., 164., 177., 146.]), [13, 85, 164, 177, 146], 585]",555
0,1,2,3,4
0,1,2,3,4
Energy 	, Initial Positions 	, Obstacles Positions 	
"[57, 50, 81, 115, 142]","[342, 249, 335, 450, 481]","[367, 418, 205, 560, 168, 611, 850, 869, 438, 143, 699, 533, 22, 399, 277, 892, 751, 28, 518, 733, 585, 325, 247, 96, 647, 753, 144, 521, 386, 616, 409, 288, 145, 452, 697, 805]"
"[True, 210, 0.0, array([110.02921348,  96.51685393, 156.35730337, 221.98876404,
       274.10786517]), [57, 50, 81, 115, 142], 445]",176
"[True, 139, 0.0, array([ 57.,  50.,  81., 115., 142.]), [57, 50, 81, 115, 142], 445]",197
0,1,2,3,4
0,1,2,3,4
Energy 	, Initial Positions 	, Obstacles Positions 	
"[45, 17, 175, 68, 69]","[52, 215, 534, 862, 152]","[395, 129, 105, 123, 366, 114, 663, 266, 339, 579, 284, 764, 593, 748, 327, 316, 258, 616, 755, 659, 295, 586, 782, 103, 751, 1, 135, 219, 260, 48, 784, 83, 473, 378, 885, 0]"
"[True, 10259, 0.0, array([103.35561497,  39.04545455, 401.93850267, 156.18181818,
       158.47860963]), [45, 17, 175, 68, 69], 374]",48
"[True, 1, 0.0, array([ 45.,  17., 175.,  68.,  69.]), [45, 17, 175, 68, 69], 374]",90
0,1,2,3,4
0,1,2,3,4
Energy 	, Initial Positions 	, Obstacles Positions 	
"[21, 179, 119, 115, 145]","[630, 43, 716, 97, 181]","[472, 792, 526, 839, 702, 590, 83, 681, 72, 157, 321, 521, 667, 645, 48, 477, 239, 177, 119, 632, 395, 476, 172, 30, 369, 837, 65, 535, 55, 392, 272, 585, 222, 757, 372, 639, 182, 274, 817, 391, 819, 296, 50, 188, 201, 132, 304, 774, 257, 412, 531, 73, 374, 178]"
"[True, 61, 0.0, array([ 30.50259067, 259.99827288, 172.84801382, 167.03799655,
       210.61312608]), [21, 179, 119, 115, 145], 579]",300
"[True, 13, 0.0, array([ 21., 179., 119., 115., 145.]), [21, 179, 119, 115, 145], 579]",324
0,1,2,3,4
0,1,2,3,4
Energy 	, Initial Positions 	, Obstacles Positions 	
"[69, 143, 117, 142, 121]","[766, 572, 60, 0, 52]","[769, 408, 872, 793, 186, 822, 170, 446, 850, 851, 594, 721, 254, 142, 219, 67, 685, 621, 545, 302, 230, 122, 749, 810, 165, 870, 95, 631, 764, 687, 883, 882, 781, 531, 806, 731, 796, 286, 83, 402, 464, 690, 126, 542, 681]"
"[True, 223, 0.0, array([ 99.07094595, 205.32094595, 167.98986486, 203.88513514,
       173.73310811]), [69, 143, 117, 142, 121], 592]",309
"[True, 24, 0.0, array([ 69., 143., 117., 142., 121.]), [69, 143, 117, 142, 121], 592]",312
0,1,2,3,4
0,1,2,3,4
I,T,E,R,A,T,I,O,N,S, ,N,O,R,M,A,L,I,Z,E,D,9,5,6,1,.,5,6
I,T,E,R,A,T,I,O,N,S, ,N,O,N, ,N,O,R,M,A,L,I,Z,E,D,9,5,.,2,4
E,R,R,O,R,S, ,N,O,R,M,A,L,I,Z,E,D,4
E,R,R,O,R,S, ,N,O,N, ,N,O,R,M,A,L,I,Z,E,D,0
